Municipios;Postos;Latitude;Longitude;Anos;Meses;Total;Dia1;Dia2;Dia3;Dia4;Dia5;Dia6;Dia7;Dia8;Dia9;Dia10;Dia11;Dia12;Dia13;Dia14;Dia15;Dia16;Dia17;Dia18;Dia19;Dia20;Dia21;Dia22;Dia23;Dia24;Dia25;Dia26;Dia27;Dia28;Dia29;Dia30;Dia31
Independência;INDEPENDENCIA;-5.3937777777778;-40.312361111111;1990;1;0.0;0.0;0.0;0.0;0.0;0.0;0.0;0.0;0.0;0.0;0.0;0.0;0.0;0.0;0.0;0.0;0.0;0.0;0.0;0.0;0.0;0.0;0.0;0.0;0.0;0.0;0.0;0.0;0.0;0.0;0.0;0.0
Independência;INDEPENDENCIA;-5.3937777777778;-40.312361111111;1990;2;166.4;0.0;0.0;0.0;0.0;0.0;0.0;0.0;0.0;0.0;0.0;0.0;0.0;2.0;0.0;4.1;0.0;3.2;3.1;0.0;0.0;0.0;0.0;18.0;16.0;35.0;33.0;41.0;11.0;NaN;NaN;NaN
Independência;INDEPENDENCIA;-5.3937777777778;-40.312361111111;1990;3;14.8;0.0;0.0;0.0;0.0;7.4;0.0;0.0;0.0;0.0;0.0;0.0;0.0;0.0;0.0;0.0;0.0;0.0;0.0;0.0;0.5;0.0;0.0;0.0;0.0;0.0;0.0;0.0;0.0;0.0;6.9;0.0
Independência;INDEPENDENCIA;-5.3937777777778;-40.312361111111;1990;4;67.8;0.0;0.0;0.0;1.5;9.5;0.0;0.0;0.0;0.0;0.0;0.0;0.0;0.0;0.0;0.0;0.0;0.0;0.0;1.0;0.0;4.2;1.5;3.1;0.0;8.2;3.0;13.0;16.0;6.8;0.0;NaN
Independência;INDEPENDENCIA;-5.3937777777778;-40.312361111111;1990;5;46.3;0.0;38.0;8.3;0.0;0.0;0.0;0.0;0.0;0.0;0.0;0.0;0.0;0.0;0.0;0.0;0.0;0.0;0.0;0.0;0.0;0.0;0.0;0.0;0.0;0.0;0.0;0.0;0.0;0.0;0.0;0.0
Independência;INDEPENDENCIA;-5.3937777777778;-40.312361111111;1990;6;0.0;0.0;0.0;0.0;0.0;0.0;0.0;0.0;0.0;0.0;0.0;0.0;0.0;0.0;0.0;0.0;0.0;0.0;0.0;0.0;0.0;0.0;0.0;0.0;0.0;0.0;0.0;0.0;0.0;0.0;0.0;NaN
Independência;INDEPENDENCIA;-5.3937777777778;-40.312361111111;1990;7;5.0;0.0;0.0;0.0;0.0;0.0;0.0;3.0;2.0;0.0;0.0;0.0;0.0;0.0;0.0;0.0;0.0;0.0;0.0;0.0;0.0;0.0;0.0;0.0;0.0;0.0;0.0;0.0;0.0;0.0;0.0;0.0
Independência;INDEPENDENCIA;-5.3937777777778;-40.312361111111;1990;8;0.0;0.0;0.0;0.0;0.0;0.0;0.0;0.0;0.0;0.0;0.0;0.0;0.0;0.0;0.0;0.0;0.0;0.0;0.0;0.0;0.0;0.0;0.0;0.0;0.0;0.0;0.0;0.0;0.0;0.0;0.0;0.0
Independência;INDEPENDENCIA;-5.3937777777778;-40.312361111111;1990;9;11.0;0.0;0.0;0.0;0.0;0.0;0.0;0.0;0.0;0.0;0.0;0.0;0.0;0.0;0.0;0.0;0.0;0.0;0.0;0.0;0.0;0.0;0.0;0.0;0.0;0.0;11.0;0.0;0.0;0.0;0.0;NaN
Independência;INDEPENDENCIA;-5.3937777777778;-40.312361111111;1990;10;0.0;0.0;0.0;0.0;0.0;0.0;0.0;0.0;0.0;0.0;0.0;0.0;0.0;0.0;0.0;0.0;0.0;0.0;0.0;0.0;0.0;0.0;0.0;0.0;0.0;0.0;0.0;0.0;0.0;0.0;0.0;0.0
Independência;INDEPENDENCIA;-5.3937777777778;-40.312361111111;1990;11;0.0;0.0;0.0;0.0;0.0;0.0;0.0;0.0;0.0;0.0;0.0;0.0;0.0;0.0;0.0;0.0;0.0;0.0;0.0;0.0;0.0;0.0;0.0;0.0;0.0;0.0;0.0;0.0;0.0;0.0;0.0;NaN
Independência;INDEPENDENCIA;-5.3937777777778;-40.312361111111;1990;12;0.0;0.0;0.0;0.0;0.0;0.0;0.0;0.0;0.0;0.0;0.0;0.0;0.0;0.0;0.0;0.0;0.0;0.0;0.0;0.0;0.0;0.0;0.0;0.0;0.0;0.0;0.0;0.0;0.0;0.0;0.0;0.0
Independência;INDEPENDENCIA;-5.3937777777778;-40.312361111111;1991;1;159.0;0.0;0.0;0.0;0.0;0.0;0.0;0.0;45.0;0.0;0.0;0.0;0.0;0.0;0.0;0.0;0.0;0.0;45.0;16.0;0.0;43.5;9.5;0.0;0.0;0.0;0.0;0.0;0.0;0.0;0.0;0.0
Independência;INDEPENDENCIA;-5.3937777777778;-40.312361111111;1991;2;80.3;15.2;0.0;0.0;0.0;0.0;0.0;12.1;0.0;0.0;0.0;0.0;0.0;0.0;0.0;0.0;0.0;0.0;25.0;11.3;0.0;0.0;0.0;0.0;8.5;8.2;0.0;0.0;0.0;NaN;NaN;NaN
Independência;INDEPENDENCIA;-5.3937777777778;-40.312361111111;1991;3;253.9;0.0;0.0;0.0;0.0;0.0;0.0;0.0;0.0;7.2;0.0;0.0;0.0;0.0;0.0;52.0;45.0;0.0;13.7;0.0;0.0;0.0;0.0;0.0;6.5;0.0;0.0;0.0;16.0;84.0;29.5;0.0
Independência;INDEPENDENCIA;-5.3937777777778;-40.312361111111;1991;4;85.6;0.0;0.0;3.0;24.4;0.0;0.0;0.0;0.0;0.0;0.0;0.0;0.0;0.0;6.5;0.0;0.0;0.0;0.0;6.0;22.0;4.0;16.7;0.0;0.0;0.0;0.0;0.0;0.0;3.0;0.0;NaN
Independência;INDEPENDENCIA;-5.3937777777778;-40.312361111111;1991;5;19.6;0.0;0.0;0.0;0.0;0.0;0.0;0.0;0.0;0.0;0.0;0.0;0.0;0.0;0.0;3.7;0.0;0.0;0.0;0.0;0.0;0.0;0.0;0.0;0.0;15.9;0.0;0.0;0.0;0.0;0.0;0.0
Independência;INDEPENDENCIA;-5.3937777777778;-40.312361111111;1991;6;13.0;0.0;5.0;0.0;0.0;0.0;0.0;0.0;0.0;0.0;0.0;0.0;0.0;0.0;0.0;0.0;0.0;0.0;0.0;0.0;0.0;0.0;0.0;0.0;8.0;0.0;0.0;0.0;0.0;0.0;0.0;NaN
Independência;INDEPENDENCIA;-5.3937777777778;-40.312361111111;1991;7;0.0;0.0;0.0;0.0;0.0;0.0;0.0;0.0;0.0;0.0;0.0;0.0;0.0;0.0;0.0;0.0;0.0;0.0;0.0;0.0;0.0;0.0;0.0;0.0;0.0;0.0;0.0;0.0;0.0;0.0;0.0;0.0
Independência;INDEPENDENCIA;-5.3937777777778;-40.312361111111;1991;8;0.0;0.0;0.0;0.0;0.0;0.0;0.0;0.0;0.0;0.0;0.0;0.0;0.0;0.0;0.0;0.0;0.0;0.0;0.0;0.0;0.0;0.0;0.0;0.0;0.0;0.0;0.0;0.0;0.0;0.0;0.0;0.0
Independência;INDEPENDENCIA;-5.3937777777778;-40.312361111111;1991;9;0.0;0.0;0.0;0.0;0.0;0.0;0.0;0.0;0.0;0.0;0.0;0.0;0.0;0.0;0.0;0.0;0.0;0.0;0.0;0.0;0.0;0.0;0.0;0.0;0.0;0.0;0.0;0.0;0.0;0.0;0.0;NaN
Independência;INDEPENDENCIA;-5.3937777777778;-40.312361111111;1991;10;0.0;0.0;0.0;0.0;0.0;0.0;0.0;0.0;0.0;0.0;0.0;0.0;0.0;0.0;0.0;0.0;0.0;0.0;0.0;0.0;0.0;0.0;0.0;0.0;0.0;0.0;0.0;0.0;0.0;0.0;0.0;0.0
Independência;INDEPENDENCIA;-5.3937777777778;-40.312361111111;1991;11;0.0;0.0;0.0;0.0;0.0;0.0;0.0;0.0;0.0;0.0;0.0;0.0;0.0;0.0;0.0;0.0;0.0;0.0;0.0;0.0;0.0;0.0;0.0;0.0;0.0;0.0;0.0;0.0;0.0;0.0;0.0;NaN
Independência;INDEPENDENCIA;-5.3937777777778;-40.312361111111;1991;12;0.0;0.0;0.0;0.0;0.0;0.0;0.0;0.0;0.0;0.0;0.0;0.0;0.0;0.0;0.0;0.0;0.0;0.0;0.0;0.0;0.0;0.0;0.0;0.0;0.0;0.0;0.0;0.0;0.0;0.0;0.0;0.0
Independência;INDEPENDENCIA;-5.3937777777778;-40.312361111111;1992;1;153.4;0.0;0.0;0.0;0.0;0.0;0.0;0.0;0.0;0.0;0.0;0.0;0.0;0.0;0.0;0.0;0.0;0.0;0.0;0.0;0.0;0.0;0.0;0.0;0.0;0.0;69.0;2.0;0.0;0.0;81.0;1.4
Independência;INDEPENDENCIA;-5.3937777777778;-40.312361111111;1992;2;104.3;0.0;0.0;9.2;0.0;0.0;0.0;0.0;0.0;0.0;0.5;0.0;6.4;2.0;22.0;0.0;0.0;0.0;23.0;13.2;0.0;28.0;0.0;0.0;0.0;0.0;0.0;0.0;0.0;0.0;NaN;NaN
Independência;INDEPENDENCIA;-5.3937777777778;-40.312361111111;1992;3;92.7;0.0;0.0;0.0;0.0;0.0;0.0;0.0;21.0;10.0;0.0;0.0;3.1;0.0;0.0;0.0;3.0;8.0;2.6;0.0;0.0;0.0;0.0;0.0;0.0;0.0;14.0;13.5;0.0;17.5;0.0;0.0
Independência;INDEPENDENCIA;-5.3937777777778;-40.312361111111;1992;4;39.5;0.0;0.0;24.5;0.0;0.0;15.0;0.0;0.0;0.0;0.0;0.0;0.0;0.0;0.0;0.0;0.0;0.0;0.0;0.0;0.0;0.0;0.0;0.0;0.0;0.0;0.0;0.0;0.0;0.0;0.0;NaN
Independência;INDEPENDENCIA;-5.3937777777778;-40.312361111111;1992;5;0.0;0.0;0.0;0.0;0.0;0.0;0.0;0.0;0.0;0.0;0.0;0.0;0.0;0.0;0.0;0.0;0.0;0.0;0.0;0.0;0.0;0.0;0.0;0.0;0.0;0.0;0.0;0.0;0.0;0.0;0.0;0.0
Independência;INDEPENDENCIA;-5.3937777777778;-40.312361111111;1992;6;19.0;0.0;0.0;0.0;0.0;0.0;0.0;0.0;0.0;0.0;0.0;0.0;0.0;0.0;0.0;0.0;0.0;0.0;0.0;0.0;0.0;0.0;0.0;0.0;0.0;0.0;19.0;0.0;0.0;0.0;0.0;NaN
Independência;INDEPENDENCIA;-5.3937777777778;-40.312361111111;1992;7;12.0;0.0;0.0;0.0;0.0;0.0;0.0;0.0;0.0;0.0;0.0;0.0;0.0;12.0;0.0;0.0;0.0;0.0;0.0;0.0;0.0;0.0;0.0;0.0;0.0;0.0;0.0;0.0;0.0;0.0;0.0;0.0
Independência;INDEPENDENCIA;-5.3937777777778;-40.312361111111;1992;8;0.0;0.0;0.0;0.0;0.0;0.0;0.0;0.0;0.0;0.0;0.0;0.0;0.0;0.0;0.0;0.0;0.0;0.0;0.0;0.0;0.0;0.0;0.0;0.0;0.0;0.0;0.0;0.0;0.0;0.0;0.0;0.0
Independência;INDEPENDENCIA;-5.3937777777778;-40.312361111111;1992;9;0.0;0.0;0.0;0.0;0.0;0.0;0.0;0.0;0.0;0.0;0.0;0.0;0.0;0.0;0.0;0.0;0.0;0.0;0.0;0.0;0.0;0.0;0.0;0.0;0.0;0.0;0.0;0.0;0.0;0.0;0.0;NaN
Independência;INDEPENDENCIA;-5.3937777777778;-40.312361111111;1992;10;0.0;0.0;0.0;0.0;0.0;0.0;0.0;0.0;0.0;0.0;0.0;0.0;0.0;0.0;0.0;0.0;0.0;0.0;0.0;0.0;0.0;0.0;0.0;0.0;0.0;0.0;0.0;0.0;0.0;0.0;0.0;0.0
Independência;INDEPENDENCIA;-5.3937777777778;-40.312361111111;1992;11;0.0;0.0;0.0;0.0;0.0;0.0;0.0;0.0;0.0;0.0;0.0;0.0;0.0;0.0;0.0;0.0;0.0;0.0;0.0;0.0;0.0;0.0;0.0;0.0;0.0;0.0;0.0;0.0;0.0;0.0;0.0;NaN
Independência;INDEPENDENCIA;-5.3937777777778;-40.312361111111;1992;12;0.0;0.0;0.0;0.0;0.0;0.0;0.0;0.0;0.0;0.0;0.0;0.0;0.0;0.0;0.0;0.0;0.0;0.0;0.0;0.0;0.0;0.0;0.0;0.0;0.0;0.0;0.0;0.0;0.0;0.0;0.0;0.0
Independência;INDEPENDENCIA;-5.3937777777778;-40.312361111111;1993;1;14.6;0.0;0.0;0.0;0.0;0.0;0.0;0.0;0.0;0.0;3.0;0.0;0.0;0.0;0.0;0.0;0.0;0.0;11.6;0.0;0.0;0.0;0.0;0.0;0.0;0.0;0.0;0.0;0.0;0.0;0.0;0.0
Independência;INDEPENDENCIA;-5.3937777777778;-40.312361111111;1993;2;4.0;0.0;0.0;0.0;0.0;0.0;0.0;0.0;0.0;0.0;0.0;0.0;0.0;0.0;0.0;0.0;0.0;0.0;0.0;0.0;0.0;0.0;0.0;0.0;4.0;0.0;0.0;0.0;0.0;NaN;NaN;NaN
Independência;INDEPENDENCIA;-5.3937777777778;-40.312361111111;1993;3;31.3;0.0;3.5;4.0;0.0;1.5;0.0;0.0;0.0;0.0;0.0;0.0;0.0;0.0;0.0;0.0;0.0;0.0;0.0;0.0;0.0;0.0;0.0;0.0;0.0;0.0;10.5;0.0;0.0;11.8;0.0;0.0
Independência;INDEPENDENCIA;-5.3937777777778;-40.312361111111;1993;4;15.7;0.0;0.0;0.0;0.0;0.0;0.0;0.0;0.0;0.0;0.0;0.0;0.0;0.0;0.0;0.0;0.0;0.0;0.0;5.8;0.0;0.0;0.0;0.0;0.0;0.0;0.0;9.9;0.0;0.0;0.0;NaN
Independência;INDEPENDENCIA;-5.3937777777778;-40.312361111111;1993;5;104.7;0.0;65.0;5.0;0.0;0.0;0.0;0.0;0.0;0.0;0.0;0.0;0.0;0.0;0.0;0.0;0.0;0.0;5.8;0.0;0.0;0.0;0.0;19.0;0.0;0.0;0.0;9.9;0.0;0.0;0.0;0.0
Independência;INDEPENDENCIA;-5.3937777777778;-40.312361111111;1993;6;0.0;0.0;0.0;0.0;0.0;0.0;0.0;0.0;0.0;0.0;0.0;0.0;0.0;0.0;0.0;0.0;0.0;0.0;0.0;0.0;0.0;0.0;0.0;0.0;0.0;0.0;0.0;0.0;0.0;0.0;0.0;NaN
Independência;INDEPENDENCIA;-5.3937777777778;-40.312361111111;1993;7;0.0;0.0;0.0;0.0;0.0;0.0;0.0;0.0;0.0;0.0;0.0;0.0;0.0;0.0;0.0;0.0;0.0;0.0;0.0;0.0;0.0;0.0;0.0;0.0;0.0;0.0;0.0;0.0;0.0;0.0;0.0;0.0
Independência;INDEPENDENCIA;-5.3937777777778;-40.312361111111;1993;8;0.0;0.0;0.0;0.0;0.0;0.0;0.0;0.0;0.0;0.0;0.0;0.0;0.0;0.0;0.0;0.0;0.0;0.0;0.0;0.0;0.0;0.0;0.0;0.0;0.0;0.0;0.0;0.0;0.0;0.0;0.0;0.0
Independência;INDEPENDENCIA;-5.3937777777778;-40.312361111111;1993;9;0.0;0.0;0.0;0.0;0.0;0.0;0.0;0.0;0.0;0.0;0.0;0.0;0.0;0.0;0.0;0.0;0.0;0.0;0.0;0.0;0.0;0.0;0.0;0.0;0.0;0.0;0.0;0.0;0.0;0.0;0.0;NaN
Independência;INDEPENDENCIA;-5.3937777777778;-40.312361111111;1993;10;0.0;0.0;0.0;0.0;0.0;0.0;0.0;0.0;0.0;0.0;0.0;0.0;0.0;0.0;0.0;0.0;0.0;0.0;0.0;0.0;0.0;0.0;0.0;0.0;0.0;0.0;0.0;0.0;0.0;0.0;0.0;0.0
Independência;INDEPENDENCIA;-5.3937777777778;-40.312361111111;1993;11;0.0;0.0;0.0;0.0;0.0;0.0;0.0;0.0;0.0;0.0;0.0;0.0;0.0;0.0;0.0;0.0;0.0;0.0;0.0;0.0;0.0;0.0;0.0;0.0;0.0;0.0;0.0;0.0;0.0;0.0;0.0;NaN
Independência;INDEPENDENCIA;-5.3937777777778;-40.312361111111;1993;12;2.2;0.0;0.0;0.0;0.0;0.0;0.0;0.0;0.0;0.0;0.0;0.0;0.0;0.0;0.0;0.0;0.0;0.0;0.0;0.0;0.0;0.0;0.0;0.0;0.0;0.0;0.0;0.0;2.2;0.0;0.0;0.0
Independência;INDEPENDENCIA;-5.3937777777778;-40.312361111111;1994;1;101.7;0.0;0.0;0.0;0.0;9.8;4.0;0.0;0.0;0.0;0.0;0.0;0.0;0.0;0.0;11.2;37.3;32.4;0.0;0.0;0.0;0.0;7.0;0.0;0.0;0.0;0.0;0.0;0.0;0.0;0.0;0.0
Independência;INDEPENDENCIA;-5.3937777777778;-40.312361111111;1994;2;37.2;0.0;0.0;0.0;0.0;0.0;7.3;2.4;0.0;0.0;0.0;0.0;0.0;25.2;0.0;0.0;0.0;0.0;0.0;2.3;0.0;0.0;0.0;0.0;0.0;0.0;0.0;0.0;0.0;NaN;NaN;NaN
Independência;INDEPENDENCIA;-5.3937777777778;-40.312361111111;1994;3;186.2;0.0;0.0;0.0;0.0;0.0;0.0;33.0;10.0;24.2;8.4;0.0;19.0;2.2;0.0;6.3;29.0;0.0;0.0;0.0;0.0;0.0;4.0;0.0;0.0;0.0;24.3;6.3;0.0;1.2;3.2;15.1
Independência;INDEPENDENCIA;-5.3937777777778;-40.312361111111;1994;4;76.7;0.0;0.0;0.0;0.0;5.8;0.0;3.4;10.8;0.0;0.0;3.6;0.0;0.0;0.0;0.0;0.0;23.6;5.2;3.3;19.0;0.0;0.0;0.0;0.0;0.0;0.0;0.0;0.0;0.0;2.0;NaN
Independência;INDEPENDENCIA;-5.3937777777778;-40.312361111111;1994;5;20.0;0.0;0.0;0.0;0.0;0.0;0.0;0.0;0.0;5.0;0.0;0.0;0.0;0.0;0.0;0.0;1.8;0.0;0.0;0.0;0.0;4.6;0.0;0.0;0.0;8.6;0.0;0.0;0.0;0.0;0.0;0.0
Independência;INDEPENDENCIA;-5.3937777777778;-40.312361111111;1994;6;73.7;0.0;0.0;0.0;5.6;0.0;6.5;10.8;0.0;0.0;0.0;0.0;0.0;0.0;0.0;0.0;0.0;4.0;0.0;16.8;0.0;0.0;0.0;0.0;0.0;0.0;0.0;16.0;0.0;14.0;0.0;NaN
Independência;INDEPENDENCIA;-5.3937777777778;-40.312361111111;1994;7;21.8;0.0;11.0;0.0;0.0;0.0;0.0;0.0;0.0;0.0;0.0;0.0;0.0;0.0;0.0;0.0;3.0;0.0;2.0;0.0;0.0;0.0;0.0;0.0;0.0;0.0;0.0;5.8;0.0;0.0;0.0;0.0
Independência;INDEPENDENCIA;-5.3937777777778;-40.312361111111;1994;8;0.0;0.0;0.0;0.0;0.0;0.0;0.0;0.0;0.0;0.0;0.0;0.0;0.0;0.0;0.0;0.0;0.0;0.0;0.0;0.0;0.0;0.0;0.0;0.0;0.0;0.0;0.0;0.0;0.0;0.0;0.0;0.0
Independência;INDEPENDENCIA;-5.3937777777778;-40.312361111111;1994;9;0.0;0.0;0.0;0.0;0.0;0.0;0.0;0.0;0.0;0.0;0.0;0.0;0.0;0.0;0.0;0.0;0.0;0.0;0.0;0.0;0.0;0.0;0.0;0.0;0.0;0.0;0.0;0.0;0.0;0.0;0.0;NaN
Independência;INDEPENDENCIA;-5.3937777777778;-40.312361111111;1994;10;0.0;0.0;0.0;0.0;0.0;0.0;0.0;0.0;0.0;0.0;0.0;0.0;0.0;0.0;0.0;0.0;0.0;0.0;0.0;0.0;0.0;0.0;0.0;0.0;0.0;0.0;0.0;0.0;0.0;0.0;0.0;0.0
Independência;INDEPENDENCIA;-5.3937777777778;-40.312361111111;1994;11;0.0;0.0;0.0;0.0;0.0;0.0;0.0;0.0;0.0;0.0;0.0;0.0;0.0;0.0;0.0;0.0;0.0;0.0;0.0;0.0;0.0;0.0;0.0;0.0;0.0;0.0;0.0;0.0;0.0;0.0;0.0;NaN
Independência;INDEPENDENCIA;-5.3937777777778;-40.312361111111;1994;12;4.2;0.0;0.0;0.0;0.0;0.0;0.0;0.0;0.0;0.0;0.0;0.0;0.0;0.0;0.0;0.0;0.0;0.0;0.0;0.0;0.0;0.0;0.0;0.0;0.0;0.0;0.0;0.0;4.2;0.0;0.0;0.0
Independência;INDEPENDENCIA;-5.3937777777778;-40.312361111111;1995;1;27.8;0.0;0.0;0.0;0.0;0.0;18.0;0.0;0.0;6.4;0.0;0.0;0.0;3.4;0.0;0.0;0.0;0.0;0.0;0.0;0.0;0.0;0.0;0.0;0.0;0.0;0.0;0.0;0.0;0.0;0.0;0.0
Independência;INDEPENDENCIA;-5.3937777777778;-40.312361111111;1995;2;149.7;0.0;0.0;0.0;0.0;0.0;0.0;0.0;3.2;42.3;42.0;10.0;4.2;0.0;0.0;0.0;0.0;8.4;7.2;15.3;7.0;0.0;4.0;0.0;0.0;0.0;0.0;6.1;0.0;NaN;NaN;NaN
Independência;INDEPENDENCIA;-5.3937777777778;-40.312361111111;1995;3;77.5;0.0;14.0;0.0;2.1;0.0;0.0;0.0;0.0;9.3;0.0;0.0;0.0;0.0;3.3;0.0;13.0;0.0;0.0;0.0;2.2;0.0;0.0;0.0;0.0;24.4;4.0;0.0;5.2;0.0;0.0;0.0
Independência;INDEPENDENCIA;-5.3937777777778;-40.312361111111;1995;4;280.8;0.0;12.5;0.0;0.0;0.0;6.0;4.1;4.0;42.1;2.0;0.0;0.0;0.0;0.0;8.1;20.0;29.0;5.0;0.0;44.0;1.0;103.0;0.0;0.0;0.0;0.0;0.0;0.0;0.0;0.0;NaN
Independência;INDEPENDENCIA;-5.3937777777778;-40.312361111111;1995;5;188.1;0.0;40.0;27.1;5.0;0.0;0.0;0.0;0.0;0.0;0.0;0.0;0.0;0.0;0.0;0.0;2.4;0.0;0.0;0.0;0.0;14.0;12.0;0.0;4.4;41.0;0.0;33.0;0.0;0.0;9.2;0.0
Independência;INDEPENDENCIA;-5.3937777777778;-40.312361111111;1995;6;18.4;0.0;0.0;0.0;0.0;0.0;0.0;0.0;0.0;0.0;0.0;0.0;1.4;0.0;6.0;0.0;0.0;0.0;0.0;0.0;0.0;0.0;0.0;0.0;0.0;0.0;11.0;0.0;0.0;0.0;0.0;NaN
Independência;INDEPENDENCIA;-5.3937777777778;-40.312361111111;1995;7;17.3;0.0;0.0;0.0;0.0;0.0;0.0;0.0;0.0;0.0;0.0;0.0;0.0;0.0;0.0;0.0;13.0;0.0;0.0;0.0;0.0;0.0;0.0;0.0;4.3;0.0;0.0;0.0;0.0;0.0;0.0;0.0
Independência;INDEPENDENCIA;-5.3937777777778;-40.312361111111;1995;8;0.0;0.0;0.0;0.0;0.0;0.0;0.0;0.0;0.0;0.0;0.0;0.0;0.0;0.0;0.0;0.0;0.0;0.0;0.0;0.0;0.0;0.0;0.0;0.0;0.0;0.0;0.0;0.0;0.0;0.0;0.0;0.0
Independência;INDEPENDENCIA;-5.3937777777778;-40.312361111111;1995;9;0.0;0.0;0.0;0.0;0.0;0.0;0.0;0.0;0.0;0.0;0.0;0.0;0.0;0.0;0.0;0.0;0.0;0.0;0.0;0.0;0.0;0.0;0.0;0.0;0.0;0.0;0.0;0.0;0.0;0.0;0.0;NaN
Independência;INDEPENDENCIA;-5.3937777777778;-40.312361111111;1995;10;0.0;0.0;0.0;0.0;0.0;0.0;0.0;0.0;0.0;0.0;0.0;0.0;0.0;0.0;0.0;0.0;0.0;0.0;0.0;0.0;0.0;0.0;0.0;0.0;0.0;0.0;0.0;0.0;0.0;0.0;0.0;0.0
Independência;INDEPENDENCIA;-5.3937777777778;-40.312361111111;1995;11;11.4;0.0;0.0;0.0;0.0;0.0;0.0;0.0;0.0;0.0;0.0;0.0;0.0;0.0;0.0;0.0;0.0;0.0;0.0;0.0;0.0;0.0;0.0;0.0;11.4;0.0;0.0;0.0;0.0;0.0;0.0;NaN
Independência;INDEPENDENCIA;-5.3937777777778;-40.312361111111;1995;12;0.0;0.0;0.0;0.0;0.0;0.0;0.0;0.0;0.0;0.0;0.0;0.0;0.0;0.0;0.0;0.0;0.0;0.0;0.0;0.0;0.0;0.0;0.0;0.0;0.0;0.0;0.0;0.0;0.0;0.0;0.0;0.0
Independência;INDEPENDENCIA;-5.3937777777778;-40.312361111111;1996;1;125.6;0.0;0.0;0.0;0.0;0.0;38.0;0.0;6.0;0.0;0.0;0.0;0.0;0.0;0.0;4.3;0.0;77.3;0.0;0.0;0.0;0.0;0.0;0.0;0.0;0.0;0.0;0.0;0.0;0.0;0.0;0.0
Independência;INDEPENDENCIA;-5.3937777777778;-40.312361111111;1996;2;55.0;0.0;0.0;0.0;0.0;0.0;0.0;0.0;0.0;0.0;0.0;0.0;0.0;0.0;0.0;0.0;0.0;0.0;0.0;0.0;24.0;0.0;0.0;4.0;0.0;0.0;27.0;0.0;0.0;0.0;NaN;NaN
Independência;INDEPENDENCIA;-5.3937777777778;-40.312361111111;1996;3;191.2;0.0;0.0;61.2;0.0;25.0;22.0;4.0;0.0;0.0;0.0;5.0;3.0;2.4;3.0;0.0;0.0;6.2;0.0;28.1;0.0;0.0;0.0;0.0;0.0;0.0;5.3;3.0;23.0;0.0;0.0;0.0
Independência;INDEPENDENCIA;-5.3937777777778;-40.312361111111;1996;4;451.3;0.0;0.0;61.2;0.0;25.0;22.0;4.0;0.0;0.0;0.0;17.2;0.0;0.0;10.3;24.0;0.0;0.0;0.0;5.0;0.2;11.3;4.0;0.0;183.0;4.0;20.0;14.0;35.0;0.0;11.1;NaN
Independência;INDEPENDENCIA;-5.3937777777778;-40.312361111111;1996;5;55.8;0.0;0.0;16.3;12.2;2.0;0.0;0.0;0.0;0.0;0.0;8.3;0.0;0.0;0.0;0.0;0.0;0.0;0.0;0.0;0.0;0.0;0.0;0.0;0.0;0.0;0.0;0.0;0.0;0.0;0.0;17.0
Independência;INDEPENDENCIA;-5.3937777777778;-40.312361111111;1996;6;12.2;0.0;0.0;0.0;0.0;0.0;0.0;0.0;0.0;0.0;0.0;0.0;0.0;0.0;0.0;0.0;0.0;0.0;0.0;0.0;0.0;0.0;0.0;0.0;0.0;0.0;0.0;0.0;12.2;0.0;0.0;NaN
Independência;INDEPENDENCIA;-5.3937777777778;-40.312361111111;1996;7;0.0;0.0;0.0;0.0;0.0;0.0;0.0;0.0;0.0;0.0;0.0;0.0;0.0;0.0;0.0;0.0;0.0;0.0;0.0;0.0;0.0;0.0;0.0;0.0;0.0;0.0;0.0;0.0;0.0;0.0;0.0;0.0
Independência;INDEPENDENCIA;-5.3937777777778;-40.312361111111;1996;8;9.2;0.0;0.0;9.2;0.0;0.0;0.0;0.0;0.0;0.0;0.0;0.0;0.0;0.0;0.0;0.0;0.0;0.0;0.0;0.0;0.0;0.0;0.0;0.0;0.0;0.0;0.0;0.0;0.0;0.0;0.0;0.0
Independência;INDEPENDENCIA;-5.3937777777778;-40.312361111111;1996;9;0.0;0.0;0.0;0.0;0.0;0.0;0.0;0.0;0.0;0.0;0.0;0.0;0.0;0.0;0.0;0.0;0.0;0.0;0.0;0.0;0.0;0.0;0.0;0.0;0.0;0.0;0.0;0.0;0.0;0.0;0.0;NaN
Independência;INDEPENDENCIA;-5.3937777777778;-40.312361111111;1996;10;0.0;0.0;0.0;0.0;0.0;0.0;0.0;0.0;0.0;0.0;0.0;0.0;0.0;0.0;0.0;0.0;0.0;0.0;0.0;0.0;0.0;0.0;0.0;0.0;0.0;0.0;0.0;0.0;0.0;0.0;0.0;0.0
Independência;INDEPENDENCIA;-5.3937777777778;-40.312361111111;1996;11;0.0;0.0;0.0;0.0;0.0;0.0;0.0;0.0;0.0;0.0;0.0;0.0;0.0;0.0;0.0;0.0;0.0;0.0;0.0;0.0;0.0;0.0;0.0;0.0;0.0;0.0;0.0;0.0;0.0;0.0;0.0;NaN
Independência;INDEPENDENCIA;-5.3937777777778;-40.312361111111;1996;12;0.0;0.0;0.0;0.0;0.0;0.0;0.0;0.0;0.0;0.0;0.0;0.0;0.0;0.0;0.0;0.0;0.0;0.0;0.0;0.0;0.0;0.0;0.0;0.0;0.0;0.0;0.0;0.0;0.0;0.0;0.0;0.0
Independência;INDEPENDENCIA;-5.3937777777778;-40.312361111111;1997;1;167.4;0.0;0.0;0.0;0.0;0.0;0.0;0.0;0.0;0.0;0.0;0.0;0.0;0.0;12.0;0.0;0.0;0.0;0.0;0.0;0.0;9.2;2.3;0.0;25.3;9.6;106.0;0.0;3.0;0.0;0.0;0.0
Independência;INDEPENDENCIA;-5.3937777777778;-40.312361111111;1997;2;5.5;0.0;0.0;0.0;0.0;0.0;0.0;0.0;0.0;0.0;5.5;0.0;0.0;0.0;0.0;0.0;0.0;0.0;0.0;0.0;0.0;0.0;0.0;0.0;0.0;0.0;0.0;0.0;0.0;NaN;NaN;NaN
Independência;INDEPENDENCIA;-5.3937777777778;-40.312361111111;1997;3;309.1;0.0;0.0;0.0;0.0;10.0;0.0;0.0;0.0;0.0;0.0;0.0;0.0;0.0;0.0;0.0;1.8;19.0;0.0;0.0;0.0;0.0;0.0;4.4;5.0;117.4;1.0;140.1;9.4;1.0;0.0;0.0
Independência;INDEPENDENCIA;-5.3937777777778;-40.312361111111;1997;4;143.1;0.0;32.0;34.8;3.0;0.0;0.0;0.0;35.0;0.0;15.7;0.0;0.0;0.0;12.0;3.4;0.0;0.0;1.0;0.0;0.0;0.0;0.0;0.0;0.0;0.0;4.8;0.0;0.0;0.0;1.4;NaN
Independência;INDEPENDENCIA;-5.3937777777778;-40.312361111111;1997;5;58.0;0.0;0.0;17.0;7.4;1.6;0.0;0.0;0.0;0.0;0.0;0.0;0.0;0.0;0.0;0.0;0.0;0.0;0.0;0.0;0.0;0.0;0.0;0.0;32.0;0.0;0.0;0.0;0.0;0.0;0.0;0.0
Independência;INDEPENDENCIA;-5.3937777777778;-40.312361111111;1997;6;0.0;0.0;0.0;0.0;0.0;0.0;0.0;0.0;0.0;0.0;0.0;0.0;0.0;0.0;0.0;0.0;0.0;0.0;0.0;0.0;0.0;0.0;0.0;0.0;0.0;0.0;0.0;0.0;0.0;0.0;0.0;NaN
Independência;INDEPENDENCIA;-5.3937777777778;-40.312361111111;1997;7;0.0;0.0;0.0;0.0;0.0;0.0;0.0;0.0;0.0;0.0;0.0;0.0;0.0;0.0;0.0;0.0;0.0;0.0;0.0;0.0;0.0;0.0;0.0;0.0;0.0;0.0;0.0;0.0;0.0;0.0;0.0;0.0
Independência;INDEPENDENCIA;-5.3937777777778;-40.312361111111;1997;8;0.0;0.0;0.0;0.0;0.0;0.0;0.0;0.0;0.0;0.0;0.0;0.0;0.0;0.0;0.0;0.0;0.0;0.0;0.0;0.0;0.0;0.0;0.0;0.0;0.0;0.0;0.0;0.0;0.0;0.0;0.0;0.0
Independência;INDEPENDENCIA;-5.3937777777778;-40.312361111111;1997;9;0.0;0.0;0.0;0.0;0.0;0.0;0.0;0.0;0.0;0.0;0.0;0.0;0.0;0.0;0.0;0.0;0.0;0.0;0.0;0.0;0.0;0.0;0.0;0.0;0.0;0.0;0.0;0.0;0.0;0.0;0.0;NaN
Independência;INDEPENDENCIA;-5.3937777777778;-40.312361111111;1997;10;0.0;0.0;0.0;0.0;0.0;0.0;0.0;0.0;0.0;0.0;0.0;0.0;0.0;0.0;0.0;0.0;0.0;0.0;0.0;0.0;0.0;0.0;0.0;0.0;0.0;0.0;0.0;0.0;0.0;0.0;0.0;0.0
Independência;INDEPENDENCIA;-5.3937777777778;-40.312361111111;1997;11;0.0;0.0;0.0;0.0;0.0;0.0;0.0;0.0;0.0;0.0;0.0;0.0;0.0;0.0;0.0;0.0;0.0;0.0;0.0;0.0;0.0;0.0;0.0;0.0;0.0;0.0;0.0;0.0;0.0;0.0;0.0;NaN
Independência;INDEPENDENCIA;-5.3937777777778;-40.312361111111;1997;12;50.0;0.0;0.0;0.0;0.0;0.0;0.0;0.0;0.0;0.0;0.0;0.0;0.0;0.0;0.0;0.0;0.0;0.0;0.0;0.0;0.0;0.0;38.0;12.0;0.0;0.0;0.0;0.0;0.0;0.0;0.0;0.0
Independência;INDEPENDENCIA;-5.3937777777778;-40.312361111111;1998;1;111.5;0.0;18.0;0.0;0.0;9.2;0.0;0.0;0.0;0.0;10.2;0.0;19.0;0.0;0.0;0.0;0.0;0.0;0.0;0.0;0.0;19.1;9.0;0.0;0.0;0.0;0.0;0.0;0.0;27.0;0.0;0.0
Independência;INDEPENDENCIA;-5.3937777777778;-40.312361111111;1998;2;3.4;3.4;0.0;0.0;0.0;0.0;0.0;0.0;0.0;0.0;0.0;0.0;0.0;0.0;0.0;0.0;0.0;0.0;0.0;0.0;0.0;0.0;0.0;0.0;0.0;0.0;0.0;0.0;0.0;NaN;NaN;NaN
Independência;INDEPENDENCIA;-5.3937777777778;-40.312361111111;1998;3;62.0;0.0;0.0;0.0;0.0;0.0;0.0;0.0;0.0;0.0;7.0;0.0;0.0;0.0;0.0;0.0;0.0;5.8;18.3;0.0;8.3;0.0;0.0;1.0;11.3;0.0;0.0;0.0;0.0;10.3;0.0;0.0
Independência;INDEPENDENCIA;-5.3937777777778;-40.312361111111;1998;4;18.6;0.0;4.8;3.8;10.0;0.0;0.0;0.0;0.0;0.0;0.0;0.0;0.0;0.0;0.0;0.0;0.0;0.0;0.0;0.0;0.0;0.0;0.0;0.0;0.0;0.0;0.0;0.0;0.0;0.0;0.0;NaN
Independência;INDEPENDENCIA;-5.3937777777778;-40.312361111111;1998;5;0.0;0.0;0.0;0.0;0.0;0.0;0.0;0.0;0.0;0.0;0.0;0.0;0.0;0.0;0.0;0.0;0.0;0.0;0.0;0.0;0.0;0.0;0.0;0.0;0.0;0.0;0.0;0.0;0.0;0.0;0.0;0.0
Independência;INDEPENDENCIA;-5.3937777777778;-40.312361111111;1998;6;0.0;0.0;0.0;0.0;0.0;0.0;0.0;0.0;0.0;0.0;0.0;0.0;0.0;0.0;0.0;0.0;0.0;0.0;0.0;0.0;0.0;0.0;0.0;0.0;0.0;0.0;0.0;0.0;0.0;0.0;0.0;NaN
Independência;INDEPENDENCIA;-5.3937777777778;-40.312361111111;1998;7;0.0;0.0;0.0;0.0;0.0;0.0;0.0;0.0;0.0;0.0;0.0;0.0;0.0;0.0;0.0;0.0;0.0;0.0;0.0;0.0;0.0;0.0;0.0;0.0;0.0;0.0;0.0;0.0;0.0;0.0;0.0;0.0
Independência;INDEPENDENCIA;-5.3937777777778;-40.312361111111;1998;8;0.0;0.0;0.0;0.0;0.0;0.0;0.0;0.0;0.0;0.0;0.0;0.0;0.0;0.0;0.0;0.0;0.0;0.0;0.0;0.0;0.0;0.0;0.0;0.0;0.0;0.0;0.0;0.0;0.0;0.0;0.0;0.0
Independência;INDEPENDENCIA;-5.3937777777778;-40.312361111111;1998;9;0.0;0.0;0.0;0.0;0.0;0.0;0.0;0.0;0.0;0.0;0.0;0.0;0.0;0.0;0.0;0.0;0.0;0.0;0.0;0.0;0.0;0.0;0.0;0.0;0.0;0.0;0.0;0.0;0.0;0.0;0.0;NaN
Independência;INDEPENDENCIA;-5.3937777777778;-40.312361111111;1998;10;0.0;0.0;0.0;0.0;0.0;0.0;0.0;0.0;0.0;0.0;0.0;0.0;0.0;0.0;0.0;0.0;0.0;0.0;0.0;0.0;0.0;0.0;0.0;0.0;0.0;0.0;0.0;0.0;0.0;0.0;0.0;0.0
Independência;INDEPENDENCIA;-5.3937777777778;-40.312361111111;1998;11;0.0;0.0;0.0;0.0;0.0;0.0;0.0;0.0;0.0;0.0;0.0;0.0;0.0;0.0;0.0;0.0;0.0;0.0;0.0;0.0;0.0;0.0;0.0;0.0;0.0;0.0;0.0;0.0;0.0;0.0;0.0;NaN
Independência;INDEPENDENCIA;-5.3937777777778;-40.312361111111;1998;12;0.0;0.0;0.0;0.0;0.0;0.0;0.0;0.0;0.0;0.0;0.0;0.0;0.0;0.0;0.0;0.0;0.0;0.0;0.0;0.0;0.0;0.0;0.0;0.0;0.0;0.0;0.0;0.0;0.0;0.0;0.0;0.0
Independência;INDEPENDENCIA;-5.3937777777778;-40.312361111111;1999;1;109.7;0.0;0.0;0.0;0.0;0.0;0.0;0.0;32.0;11.9;0.0;12.2;0.0;0.0;0.0;0.0;0.0;0.0;0.0;30.0;13.2;0.0;2.1;7.0;0.0;0.0;0.0;0.0;0.0;0.0;1.3;0.0
Independência;INDEPENDENCIA;-5.3937777777778;-40.312361111111;1999;2;83.0;0.0;0.0;0.0;7.1;0.0;0.0;0.0;0.0;0.0;0.0;0.0;0.0;47.1;0.0;0.0;0.0;0.0;2.3;10.2;0.0;0.0;0.0;7.0;1.8;0.0;0.0;7.5;0.0;NaN;NaN;NaN
Independência;INDEPENDENCIA;-5.3937777777778;-40.312361111111;1999;3;120.3;3.0;5.4;0.0;0.0;0.0;0.0;0.0;0.0;7.0;0.0;0.0;0.0;14.0;0.0;5.0;16.4;3.8;7.4;10.6;0.0;0.0;2.6;3.0;28.0;5.1;0.0;3.0;2.0;4.0;0.0;0.0
Independência;INDEPENDENCIA;-5.3937777777778;-40.312361111111;1999;4;67.6;0.0;0.0;0.0;0.0;9.0;8.4;0.0;0.0;0.0;0.0;0.0;2.0;11.0;13.0;0.0;0.0;0.0;0.0;0.0;0.0;0.0;0.0;0.0;9.8;0.0;5.0;9.4;0.0;0.0;0.0;NaN
Independência;INDEPENDENCIA;-5.3937777777778;-40.312361111111;1999;5;68.3;0.0;0.0;0.0;0.0;0.0;0.0;7.0;0.0;0.0;0.0;19.0;7.0;11.0;2.8;0.0;0.0;2.5;3.0;0.0;0.0;2.6;13.4;0.0;0.0;0.0;0.0;0.0;0.0;0.0;0.0;0.0
Independência;INDEPENDENCIA;-5.3937777777778;-40.312361111111;1999;6;0.0;0.0;0.0;0.0;0.0;0.0;0.0;0.0;0.0;0.0;0.0;0.0;0.0;0.0;0.0;0.0;0.0;0.0;0.0;0.0;0.0;0.0;0.0;0.0;0.0;0.0;0.0;0.0;0.0;0.0;0.0;NaN
Independência;INDEPENDENCIA;-5.3937777777778;-40.312361111111;1999;7;0.0;0.0;0.0;0.0;0.0;0.0;0.0;0.0;0.0;0.0;0.0;0.0;0.0;0.0;0.0;0.0;0.0;0.0;0.0;0.0;0.0;0.0;0.0;0.0;0.0;0.0;0.0;0.0;0.0;0.0;0.0;0.0
Independência;INDEPENDENCIA;-5.3937777777778;-40.312361111111;1999;8;0.0;0.0;0.0;0.0;0.0;0.0;0.0;0.0;0.0;0.0;0.0;0.0;0.0;0.0;0.0;0.0;0.0;0.0;0.0;0.0;0.0;0.0;0.0;0.0;0.0;0.0;0.0;0.0;0.0;0.0;0.0;0.0
Independência;INDEPENDENCIA;-5.3937777777778;-40.312361111111;1999;9;0.0;0.0;0.0;0.0;0.0;0.0;0.0;0.0;0.0;0.0;0.0;0.0;0.0;0.0;0.0;0.0;0.0;0.0;0.0;0.0;0.0;0.0;0.0;0.0;0.0;0.0;0.0;0.0;0.0;0.0;0.0;NaN
Independência;INDEPENDENCIA;-5.3937777777778;-40.312361111111;1999;10;0.0;0.0;0.0;0.0;0.0;0.0;0.0;0.0;0.0;0.0;0.0;0.0;0.0;0.0;0.0;0.0;0.0;0.0;0.0;0.0;0.0;0.0;0.0;0.0;0.0;0.0;0.0;0.0;0.0;0.0;0.0;0.0
Independência;INDEPENDENCIA;-5.3937777777778;-40.312361111111;1999;11;0.0;0.0;0.0;0.0;0.0;0.0;0.0;0.0;0.0;0.0;0.0;0.0;0.0;0.0;0.0;0.0;0.0;0.0;0.0;0.0;0.0;0.0;0.0;0.0;0.0;0.0;0.0;0.0;0.0;0.0;0.0;NaN
Independência;INDEPENDENCIA;-5.3937777777778;-40.312361111111;1999;12;148.4;0.0;0.0;0.0;0.0;0.0;0.0;0.0;0.0;0.0;0.0;0.0;0.0;0.0;0.0;0.0;0.0;0.0;0.0;0.0;0.0;19.0;13.0;15.8;0.0;0.0;0.0;0.0;66.0;0.0;33.6;1.0
Independência;INDEPENDENCIA;-5.3937777777778;-40.312361111111;2000;1;69.4;0.0;0.0;0.0;0.0;41.8;6.2;4.8;0.0;1.0;0.0;15.6;0.0;0.0;0.0;0.0;0.0;0.0;0.0;0.0;0.0;0.0;0.0;0.0;0.0;0.0;0.0;0.0;0.0;0.0;0.0;0.0
Independência;INDEPENDENCIA;-5.3937777777778;-40.312361111111;2000;2;146.5;0.0;0.0;0.0;0.0;0.0;0.0;0.0;8.2;17.6;0.0;0.0;0.0;4.0;2.0;15.2;4.8;9.2;0.0;52.0;3.0;11.2;0.0;12.4;1.0;3.9;0.0;0.0;0.0;2.0;NaN;NaN
Independência;INDEPENDENCIA;-5.3937777777778;-40.312361111111;2000;3;196.2;2.0;0.0;0.0;0.0;0.0;59.0;0.0;0.0;0.0;0.0;1.8;0.0;0.0;0.0;0.0;0.0;0.0;0.0;0.0;61.0;6.0;0.0;0.0;0.0;0.0;0.0;15.8;19.2;4.4;15.4;11.6
Independência;INDEPENDENCIA;-5.3937777777778;-40.312361111111;2000;4;174.6;0.0;0.0;0.0;0.0;0.0;0.0;0.0;0.0;0.0;0.0;5.8;0.0;2.0;19.8;0.0;6.0;15.0;82.0;0.0;17.2;0.0;6.4;0.0;6.4;0.0;14.0;0.0;0.0;0.0;0.0;NaN
Independência;INDEPENDENCIA;-5.3937777777778;-40.312361111111;2000;5;25.4;0.0;0.0;1.2;0.0;0.0;0.0;0.0;1.6;8.4;0.0;5.8;0.0;0.0;0.0;0.0;0.0;0.0;2.4;0.0;0.0;0.0;0.0;0.0;0.0;0.0;0.0;0.0;0.0;0.0;0.0;6.0
Independência;INDEPENDENCIA;-5.3937777777778;-40.312361111111;2000;6;22.2;0.0;0.0;0.0;0.0;0.0;0.0;7.8;0.0;0.0;0.0;0.0;0.0;0.0;0.0;0.0;0.0;0.0;0.0;0.0;0.0;14.4;0.0;0.0;0.0;0.0;0.0;0.0;0.0;0.0;0.0;NaN
Independência;INDEPENDENCIA;-5.3937777777778;-40.312361111111;2000;7;10.4;0.0;0.0;0.0;0.0;0.0;0.0;0.0;0.0;0.0;0.0;2.4;8.0;0.0;0.0;0.0;0.0;0.0;0.0;0.0;0.0;0.0;0.0;0.0;0.0;0.0;0.0;0.0;0.0;0.0;0.0;0.0
Independência;INDEPENDENCIA;-5.3937777777778;-40.312361111111;2000;8;49.0;0.0;0.0;0.0;0.0;0.0;40.6;0.0;0.0;0.0;0.0;8.4;0.0;0.0;0.0;0.0;0.0;0.0;0.0;0.0;0.0;0.0;0.0;0.0;0.0;0.0;0.0;0.0;0.0;0.0;0.0;0.0
Independência;INDEPENDENCIA;-5.3937777777778;-40.312361111111;2000;9;3.0;0.0;0.0;0.0;0.0;0.0;0.0;0.0;0.0;0.0;0.0;0.0;0.0;0.0;0.0;3.0;0.0;0.0;0.0;0.0;0.0;0.0;0.0;0.0;0.0;0.0;0.0;0.0;0.0;0.0;0.0;NaN
Independência;INDEPENDENCIA;-5.3937777777778;-40.312361111111;2000;10;0.0;0.0;0.0;0.0;0.0;0.0;0.0;0.0;0.0;0.0;0.0;0.0;0.0;0.0;0.0;0.0;0.0;0.0;0.0;0.0;0.0;0.0;0.0;0.0;0.0;0.0;0.0;0.0;0.0;0.0;0.0;0.0
Independência;INDEPENDENCIA;-5.3937777777778;-40.312361111111;2000;11;22.0;0.0;0.0;0.0;0.0;0.0;0.0;0.0;0.0;22.0;0.0;0.0;0.0;0.0;0.0;0.0;0.0;0.0;0.0;0.0;0.0;0.0;0.0;0.0;0.0;0.0;0.0;0.0;0.0;0.0;0.0;NaN
Independência;INDEPENDENCIA;-5.3937777777778;-40.312361111111;2000;12;79.0;0.0;0.0;0.0;0.0;0.0;0.0;0.0;0.0;0.0;0.0;0.0;0.0;0.0;0.0;53.0;15.0;11.0;0.0;0.0;0.0;0.0;0.0;0.0;0.0;0.0;0.0;0.0;0.0;0.0;0.0;0.0
Independência;INDEPENDENCIA;-5.3937777777778;-40.312361111111;2001;1;7.0;0.0;0.0;0.0;0.0;0.0;0.0;0.0;0.0;0.0;0.0;0.0;7.0;0.0;0.0;0.0;0.0;0.0;0.0;0.0;0.0;0.0;0.0;0.0;0.0;0.0;0.0;0.0;0.0;0.0;0.0;0.0
Independência;INDEPENDENCIA;-5.3937777777778;-40.312361111111;2001;2;51.0;0.0;0.0;6.2;4.8;0.0;0.0;0.0;0.0;0.0;0.0;0.0;7.0;0.0;11.0;0.0;0.0;0.0;0.0;0.0;5.0;0.0;0.0;0.0;0.0;0.0;15.0;0.0;2.0;NaN;NaN;NaN
Independência;INDEPENDENCIA;-5.3937777777778;-40.312361111111;2001;3;196.8;21.4;0.0;11.0;0.0;0.0;0.0;0.0;0.0;2.8;0.0;0.0;0.0;2.2;89.0;27.0;0.0;0.0;0.0;11.2;6.0;0.0;0.0;15.0;0.0;0.0;0.0;0.0;0.0;0.0;11.2;0.0
Independência;INDEPENDENCIA;-5.3937777777778;-40.312361111111;2001;4;129.0;0.0;0.0;9.0;15.8;0.0;0.0;0.0;0.0;0.0;0.0;24.4;3.0;19.0;14.8;0.0;7.0;5.0;0.0;13.2;0.0;0.0;0.0;8.6;0.0;0.0;0.0;0.0;9.2;0.0;0.0;NaN
Independência;INDEPENDENCIA;-5.3937777777778;-40.312361111111;2001;5;10.0;0.0;0.0;0.0;0.0;0.0;0.0;0.0;0.0;0.0;0.0;0.0;0.0;0.0;0.0;0.0;0.0;0.0;0.0;0.0;8.2;0.0;0.0;0.0;0.0;0.0;0.0;0.0;0.0;0.0;0.0;1.8
Independência;INDEPENDENCIA;-5.3937777777778;-40.312361111111;2001;6;70.6;0.0;36.0;0.0;16.8;0.0;0.0;0.0;17.8;0.0;0.0;0.0;0.0;0.0;0.0;0.0;0.0;0.0;0.0;0.0;0.0;0.0;0.0;0.0;0.0;0.0;0.0;0.0;0.0;0.0;0.0;NaN
Independência;INDEPENDENCIA;-5.3937777777778;-40.312361111111;2001;7;0.0;0.0;0.0;0.0;0.0;0.0;0.0;0.0;0.0;0.0;0.0;0.0;0.0;0.0;0.0;0.0;0.0;0.0;0.0;0.0;0.0;0.0;0.0;0.0;0.0;0.0;0.0;0.0;0.0;0.0;0.0;0.0
Independência;INDEPENDENCIA;-5.3937777777778;-40.312361111111;2001;8;0.0;0.0;0.0;0.0;0.0;0.0;0.0;0.0;0.0;0.0;0.0;0.0;0.0;0.0;0.0;0.0;0.0;0.0;0.0;0.0;0.0;0.0;0.0;0.0;0.0;0.0;0.0;0.0;0.0;0.0;0.0;0.0
Independência;INDEPENDENCIA;-5.3937777777778;-40.312361111111;2001;9;0.0;0.0;0.0;0.0;0.0;0.0;0.0;0.0;0.0;0.0;0.0;0.0;0.0;0.0;0.0;0.0;0.0;0.0;0.0;0.0;0.0;0.0;0.0;0.0;0.0;0.0;0.0;0.0;0.0;0.0;0.0;NaN
Independência;INDEPENDENCIA;-5.3937777777778;-40.312361111111;2001;10;0.0;0.0;0.0;0.0;0.0;0.0;0.0;0.0;0.0;0.0;0.0;0.0;0.0;0.0;0.0;0.0;0.0;0.0;0.0;0.0;0.0;0.0;0.0;0.0;0.0;0.0;0.0;0.0;0.0;0.0;0.0;0.0
Independência;INDEPENDENCIA;-5.3937777777778;-40.312361111111;2001;11;0.0;0.0;0.0;0.0;0.0;0.0;0.0;0.0;0.0;0.0;0.0;0.0;0.0;0.0;0.0;0.0;0.0;0.0;0.0;0.0;0.0;0.0;0.0;0.0;0.0;0.0;0.0;0.0;0.0;0.0;0.0;NaN
Independência;INDEPENDENCIA;-5.3937777777778;-40.312361111111;2001;12;8.0;0.0;0.0;0.0;0.0;0.0;0.0;0.0;0.0;0.0;8.0;0.0;0.0;0.0;0.0;0.0;0.0;0.0;0.0;0.0;0.0;0.0;0.0;0.0;0.0;0.0;0.0;0.0;0.0;0.0;0.0;0.0
Independência;INDEPENDENCIA;-5.3937777777778;-40.312361111111;2002;1;234.8;0.0;21.6;15.0;0.0;0.0;0.0;19.8;38.0;13.1;10.1;0.0;0.0;12.1;0.0;0.0;37.8;24.0;15.1;6.5;0.0;0.0;2.0;0.0;0.0;0.0;0.0;0.0;11.3;8.4;0.0;0.0
Independência;INDEPENDENCIA;-5.3937777777778;-40.312361111111;2002;2;33.6;0.0;0.0;0.0;21.8;0.0;0.0;0.0;0.0;0.0;0.0;0.0;0.0;8.8;0.0;3.0;0.0;0.0;0.0;0.0;0.0;0.0;0.0;0.0;0.0;0.0;0.0;0.0;0.0;NaN;NaN;NaN
Independência;INDEPENDENCIA;-5.3937777777778;-40.312361111111;2002;3;89.8;0.0;0.0;0.0;4.0;63.0;7.0;1.0;0.0;9.0;0.0;0.0;0.0;0.0;0.0;0.0;0.0;0.0;5.8;0.0;0.0;0.0;0.0;0.0;0.0;0.0;0.0;0.0;0.0;0.0;0.0;0.0
Independência;INDEPENDENCIA;-5.3937777777778;-40.312361111111;2002;4;120.4;13.0;0.0;9.0;0.0;0.0;0.0;8.1;11.0;0.0;0.0;17.0;0.0;19.0;0.0;0.0;3.0;0.0;0.0;0.0;0.0;0.0;0.0;0.0;0.0;0.0;0.0;40.3;0.0;0.0;0.0;NaN
Independência;INDEPENDENCIA;-5.3937777777778;-40.312361111111;2002;5;33.5;0.0;16.0;17.5;0.0;0.0;0.0;0.0;0.0;0.0;0.0;0.0;0.0;0.0;0.0;0.0;0.0;0.0;0.0;0.0;0.0;0.0;0.0;0.0;0.0;0.0;0.0;0.0;0.0;0.0;0.0;0.0
Independência;INDEPENDENCIA;-5.3937777777778;-40.312361111111;2002;6;25.5;19.0;0.0;0.0;0.0;0.0;0.0;0.0;0.0;0.0;0.0;4.5;0.0;0.0;2.0;0.0;0.0;0.0;0.0;0.0;0.0;0.0;0.0;0.0;0.0;0.0;0.0;0.0;0.0;0.0;0.0;NaN
Independência;INDEPENDENCIA;-5.3937777777778;-40.312361111111;2002;7;0.0;0.0;0.0;0.0;0.0;0.0;0.0;0.0;0.0;0.0;0.0;0.0;0.0;0.0;0.0;0.0;0.0;0.0;0.0;0.0;0.0;0.0;0.0;0.0;0.0;0.0;0.0;0.0;0.0;0.0;0.0;0.0
Independência;INDEPENDENCIA;-5.3937777777778;-40.312361111111;2002;8;0.0;0.0;0.0;0.0;0.0;0.0;0.0;0.0;0.0;0.0;0.0;0.0;0.0;0.0;0.0;0.0;0.0;0.0;0.0;0.0;0.0;0.0;0.0;0.0;0.0;0.0;0.0;0.0;0.0;0.0;0.0;0.0
Independência;INDEPENDENCIA;-5.3937777777778;-40.312361111111;2002;9;0.0;0.0;0.0;0.0;0.0;0.0;0.0;0.0;0.0;0.0;0.0;0.0;0.0;0.0;0.0;0.0;0.0;0.0;0.0;0.0;0.0;0.0;0.0;0.0;0.0;0.0;0.0;0.0;0.0;0.0;0.0;NaN
Independência;INDEPENDENCIA;-5.3937777777778;-40.312361111111;2002;10;0.0;0.0;0.0;0.0;0.0;0.0;0.0;0.0;0.0;0.0;0.0;0.0;0.0;0.0;0.0;0.0;0.0;0.0;0.0;0.0;0.0;0.0;0.0;0.0;0.0;0.0;0.0;0.0;0.0;0.0;0.0;0.0
Independência;INDEPENDENCIA;-5.3937777777778;-40.312361111111;2002;11;0.0;0.0;0.0;0.0;0.0;0.0;0.0;0.0;0.0;0.0;0.0;0.0;0.0;0.0;0.0;0.0;0.0;0.0;0.0;0.0;0.0;0.0;0.0;0.0;0.0;0.0;0.0;0.0;0.0;0.0;0.0;NaN
Independência;INDEPENDENCIA;-5.3937777777778;-40.312361111111;2002;12;6.0;0.0;0.0;0.0;0.0;0.0;0.0;0.0;0.0;6.0;0.0;0.0;0.0;0.0;0.0;0.0;0.0;0.0;0.0;0.0;0.0;0.0;0.0;0.0;0.0;0.0;0.0;0.0;0.0;0.0;0.0;0.0
Independência;INDEPENDENCIA;-5.3937777777778;-40.312361111111;2003;1;51.3;0.0;0.0;0.0;0.0;0.0;0.0;0.0;0.0;0.0;0.0;0.0;0.0;0.0;0.0;0.0;0.0;0.0;0.0;0.8;30.0;2.5;0.0;0.0;0.0;0.0;0.0;0.0;0.0;0.0;0.0;18.0
Independência;INDEPENDENCIA;-5.3937777777778;-40.312361111111;2003;2;151.4;0.0;0.0;0.0;3.0;0.0;3.9;0.0;0.0;0.0;3.6;0.0;5.0;72.0;0.0;0.0;1.0;0.0;0.0;0.0;0.0;0.0;19.5;0.0;4.8;0.0;38.6;0.0;0.0;NaN;NaN;NaN
Independência;INDEPENDENCIA;-5.3937777777778;-40.312361111111;2003;3;157.2;10.2;0.0;0.0;22.2;3.6;7.0;0.0;0.0;0.0;0.0;0.0;0.0;0.0;1.2;0.0;0.0;2.0;9.6;0.0;9.4;25.0;0.0;3.8;22.0;6.4;3.8;0.0;3.0;5.0;23.0;0.0
Independência;INDEPENDENCIA;-5.3937777777778;-40.312361111111;2003;4;75.6;0.0;4.0;0.0;0.0;11.0;0.0;0.0;7.0;2.0;7.6;0.0;22.0;0.0;3.0;0.0;0.0;0.0;0.0;0.0;0.0;0.0;3.4;0.0;0.0;0.0;0.0;3.4;8.2;1.2;2.8;NaN
Independência;INDEPENDENCIA;-5.3937777777778;-40.312361111111;2003;5;8.0;0.0;0.0;0.0;5.6;0.8;0.0;0.0;0.0;0.0;0.0;0.0;0.0;1.6;0.0;0.0;0.0;0.0;0.0;0.0;0.0;0.0;0.0;0.0;0.0;0.0;0.0;0.0;0.0;0.0;0.0;0.0
Independência;INDEPENDENCIA;-5.3937777777778;-40.312361111111;2003;6;59.8;0.0;0.0;0.0;0.0;16.4;2.4;0.0;0.0;0.0;0.0;0.0;0.0;0.0;0.0;0.0;36.0;5.0;0.0;0.0;0.0;0.0;0.0;0.0;0.0;0.0;0.0;0.0;0.0;0.0;0.0;NaN
Independência;INDEPENDENCIA;-5.3937777777778;-40.312361111111;2003;7;0.0;0.0;0.0;0.0;0.0;0.0;0.0;0.0;0.0;0.0;0.0;0.0;0.0;0.0;0.0;0.0;0.0;0.0;0.0;0.0;0.0;0.0;0.0;0.0;0.0;0.0;0.0;0.0;0.0;0.0;0.0;0.0
Independência;INDEPENDENCIA;-5.3937777777778;-40.312361111111;2003;8;0.0;0.0;0.0;0.0;0.0;0.0;0.0;0.0;0.0;0.0;0.0;0.0;0.0;0.0;0.0;0.0;0.0;0.0;0.0;0.0;0.0;0.0;0.0;0.0;0.0;0.0;0.0;0.0;0.0;0.0;0.0;0.0
Independência;INDEPENDENCIA;-5.3937777777778;-40.312361111111;2003;9;0.0;0.0;0.0;0.0;0.0;0.0;0.0;0.0;0.0;0.0;0.0;0.0;0.0;0.0;0.0;0.0;0.0;0.0;0.0;0.0;0.0;0.0;0.0;0.0;0.0;0.0;0.0;0.0;0.0;0.0;0.0;NaN
Independência;INDEPENDENCIA;-5.3937777777778;-40.312361111111;2003;10;0.0;0.0;0.0;0.0;0.0;0.0;0.0;0.0;0.0;0.0;0.0;0.0;0.0;0.0;0.0;0.0;0.0;0.0;0.0;0.0;0.0;0.0;0.0;0.0;0.0;0.0;0.0;0.0;0.0;0.0;0.0;0.0
Independência;INDEPENDENCIA;-5.3937777777778;-40.312361111111;2003;11;0.0;0.0;0.0;0.0;0.0;0.0;0.0;0.0;0.0;0.0;0.0;0.0;0.0;0.0;0.0;0.0;0.0;0.0;0.0;0.0;0.0;0.0;0.0;0.0;0.0;0.0;0.0;0.0;0.0;0.0;0.0;NaN
Independência;INDEPENDENCIA;-5.3937777777778;-40.312361111111;2003;12;0.0;0.0;0.0;0.0;0.0;0.0;0.0;0.0;0.0;0.0;0.0;0.0;0.0;0.0;0.0;0.0;0.0;0.0;0.0;0.0;0.0;0.0;0.0;0.0;0.0;0.0;0.0;0.0;0.0;0.0;0.0;0.0
Independência;INDEPENDENCIA;-5.3937777777778;-40.312361111111;2004;1;445.6;0.0;0.0;0.0;0.0;0.0;0.0;0.0;0.0;0.0;0.0;0.0;15.0;0.0;17.2;9.0;0.0;0.0;21.6;0.0;2.0;9.6;23.6;49.4;0.0;106.0;7.0;66.0;20.0;87.2;12.0;0.0
Independência;INDEPENDENCIA;-5.3937777777778;-40.312361111111;2004;2;140.9;0.0;0.0;0.0;5.5;4.1;30.0;15.0;15.0;15.0;0.0;0.0;0.0;13.0;0.0;0.0;13.8;3.0;0.0;0.0;0.0;0.0;0.0;0.0;0.0;25.5;0.0;0.0;1.0;0.0;NaN;NaN
Independência;INDEPENDENCIA;-5.3937777777778;-40.312361111111;2004;3;65.7;0.0;0.0;0.0;0.0;0.0;0.0;38.0;2.0;0.0;0.0;0.0;3.2;1.0;0.0;0.0;0.0;0.0;0.0;0.0;0.0;0.0;0.0;0.0;0.0;0.0;0.0;21.5;0.0;0.0;0.0;0.0
Independência;INDEPENDENCIA;-5.3937777777778;-40.312361111111;2004;4;49.3;0.0;0.0;0.0;0.0;0.0;0.0;0.0;0.0;9.0;0.0;0.0;0.0;0.0;0.0;0.0;0.0;0.0;0.0;0.0;0.0;0.0;11.5;5.0;0.0;0.0;7.8;16.0;0.0;0.0;0.0;NaN
Independência;INDEPENDENCIA;-5.3937777777778;-40.312361111111;2004;5;30.0;0.0;0.0;0.0;0.0;1.0;0.0;0.0;0.0;0.0;0.0;0.0;0.0;0.0;0.0;0.0;0.0;0.0;0.0;0.0;0.0;23.0;0.0;0.0;0.0;0.0;0.0;0.0;0.0;0.0;6.0;0.0
Independência;INDEPENDENCIA;-5.3937777777778;-40.312361111111;2004;6;65.4;3.8;4.0;0.0;0.0;0.0;0.0;0.0;0.0;0.0;0.0;0.0;0.0;0.0;0.0;31.8;0.0;5.0;0.0;11.2;1.6;5.0;0.0;2.0;0.0;0.0;0.0;0.0;1.0;0.0;0.0;NaN
Independência;INDEPENDENCIA;-5.3937777777778;-40.312361111111;2004;7;1.0;1.0;0.0;0.0;0.0;0.0;0.0;0.0;0.0;0.0;0.0;0.0;0.0;0.0;0.0;0.0;0.0;0.0;0.0;0.0;0.0;0.0;0.0;0.0;0.0;0.0;0.0;0.0;0.0;0.0;0.0;0.0
Independência;INDEPENDENCIA;-5.3937777777778;-40.312361111111;2004;8;0.0;0.0;0.0;0.0;0.0;0.0;0.0;0.0;0.0;0.0;0.0;0.0;0.0;0.0;0.0;0.0;0.0;0.0;0.0;0.0;0.0;0.0;0.0;0.0;0.0;0.0;0.0;0.0;0.0;0.0;0.0;0.0
Independência;INDEPENDENCIA;-5.3937777777778;-40.312361111111;2004;9;12.3;0.0;0.0;0.0;0.0;0.0;0.0;0.0;0.0;0.0;0.0;0.0;0.0;0.0;0.0;0.0;0.0;0.0;0.0;0.0;0.0;0.0;0.0;12.3;0.0;0.0;0.0;0.0;0.0;0.0;0.0;NaN
Independência;INDEPENDENCIA;-5.3937777777778;-40.312361111111;2004;10;0.0;0.0;0.0;0.0;0.0;0.0;0.0;0.0;0.0;0.0;0.0;0.0;0.0;0.0;0.0;0.0;0.0;0.0;0.0;0.0;0.0;0.0;0.0;0.0;0.0;0.0;0.0;0.0;0.0;0.0;0.0;0.0
Independência;INDEPENDENCIA;-5.3937777777778;-40.312361111111;2004;11;0.0;0.0;0.0;0.0;0.0;0.0;0.0;0.0;0.0;0.0;0.0;0.0;0.0;0.0;0.0;0.0;0.0;0.0;0.0;0.0;0.0;0.0;0.0;0.0;0.0;0.0;0.0;0.0;0.0;0.0;0.0;NaN
Independência;INDEPENDENCIA;-5.3937777777778;-40.312361111111;2004;12;5.0;0.0;0.0;0.0;0.0;0.0;0.0;0.0;0.0;0.0;0.0;0.0;0.0;0.0;0.0;0.0;0.0;0.0;0.0;0.0;0.0;0.0;0.0;0.0;0.0;0.0;0.0;0.0;0.0;5.0;0.0;0.0
Independência;INDEPENDENCIA;-5.3937777777778;-40.312361111111;2005;1;100.0;0.0;0.0;0.0;0.0;0.0;0.0;0.0;0.0;0.0;0.0;0.0;0.0;0.0;0.0;10.0;0.0;12.0;0.0;0.0;20.0;0.0;0.0;7.0;0.0;0.0;51.0;0.0;0.0;0.0;0.0;0.0
Independência;INDEPENDENCIA;-5.3937777777778;-40.312361111111;2005;2;10.0;0.0;0.0;0.0;0.0;0.0;0.0;0.0;0.0;0.0;0.0;0.0;0.0;4.0;0.0;0.0;6.0;0.0;0.0;0.0;0.0;0.0;0.0;0.0;0.0;0.0;0.0;0.0;0.0;NaN;NaN;NaN
Independência;INDEPENDENCIA;-5.3937777777778;-40.312361111111;2005;3;300.2;0.0;0.0;0.0;0.0;0.0;0.0;0.0;0.0;0.0;0.0;0.0;0.0;0.0;0.0;0.0;0.0;0.0;0.0;110.0;3.5;1.5;17.0;3.2;10.0;12.0;51.0;3.0;34.0;13.0;16.0;26.0
Independência;INDEPENDENCIA;-5.3937777777778;-40.312361111111;2005;4;51.0;0.0;0.0;0.0;9.8;0.0;0.0;0.0;0.0;0.0;0.0;0.0;0.0;0.0;20.2;2.0;0.0;0.0;0.0;0.0;0.0;0.0;0.0;0.0;0.0;0.0;0.0;0.0;0.0;0.0;19.0;NaN
Independência;INDEPENDENCIA;-5.3937777777778;-40.312361111111;2005;5;52.4;0.0;4.0;0.0;3.0;0.0;0.0;9.0;0.0;0.0;0.0;0.0;0.0;1.0;3.2;0.0;0.0;0.0;0.0;0.0;1.0;0.0;0.0;2.0;23.0;0.0;0.0;0.0;0.0;0.0;0.0;6.2
Independência;INDEPENDENCIA;-5.3937777777778;-40.312361111111;2005;6;7.7;0.0;0.0;0.0;0.0;0.0;0.0;0.0;4.6;0.0;0.0;0.0;0.0;0.0;0.0;0.0;0.0;0.0;0.0;0.0;0.0;0.0;0.0;0.0;0.0;0.0;0.0;0.0;3.1;0.0;0.0;NaN
Independência;INDEPENDENCIA;-5.3937777777778;-40.312361111111;2005;7;0.0;0.0;0.0;0.0;0.0;0.0;0.0;0.0;0.0;0.0;0.0;0.0;0.0;0.0;0.0;0.0;0.0;0.0;0.0;0.0;0.0;0.0;0.0;0.0;0.0;0.0;0.0;0.0;0.0;0.0;0.0;0.0
Independência;INDEPENDENCIA;-5.3937777777778;-40.312361111111;2005;8;0.0;0.0;0.0;0.0;0.0;0.0;0.0;0.0;0.0;0.0;0.0;0.0;0.0;0.0;0.0;0.0;0.0;0.0;0.0;0.0;0.0;0.0;0.0;0.0;0.0;0.0;0.0;0.0;0.0;0.0;0.0;0.0
Independência;INDEPENDENCIA;-5.3937777777778;-40.312361111111;2005;9;0.0;0.0;0.0;0.0;0.0;0.0;0.0;0.0;0.0;0.0;0.0;0.0;0.0;0.0;0.0;0.0;0.0;0.0;0.0;0.0;0.0;0.0;0.0;0.0;0.0;0.0;0.0;0.0;0.0;0.0;0.0;NaN
Independência;INDEPENDENCIA;-5.3937777777778;-40.312361111111;2005;10;0.0;0.0;0.0;0.0;0.0;0.0;0.0;0.0;0.0;0.0;0.0;0.0;0.0;0.0;0.0;0.0;0.0;0.0;0.0;0.0;0.0;0.0;0.0;0.0;0.0;0.0;0.0;0.0;0.0;0.0;0.0;0.0
Independência;INDEPENDENCIA;-5.3937777777778;-40.312361111111;2005;11;0.0;0.0;0.0;0.0;0.0;0.0;0.0;0.0;0.0;0.0;0.0;0.0;0.0;0.0;0.0;0.0;0.0;0.0;0.0;0.0;0.0;0.0;0.0;0.0;0.0;0.0;0.0;0.0;0.0;0.0;0.0;NaN
Independência;INDEPENDENCIA;-5.3937777777778;-40.312361111111;2005;12;18.8;0.0;0.0;0.0;0.0;0.0;0.0;18.8;0.0;0.0;0.0;0.0;0.0;0.0;0.0;0.0;0.0;0.0;0.0;0.0;0.0;0.0;0.0;0.0;0.0;0.0;0.0;0.0;0.0;0.0;0.0;0.0
Independência;INDEPENDENCIA;-5.3937777777778;-40.312361111111;2006;1;10.0;10.0;0.0;0.0;0.0;0.0;0.0;0.0;0.0;0.0;0.0;0.0;0.0;0.0;0.0;0.0;0.0;0.0;0.0;0.0;0.0;0.0;0.0;0.0;0.0;0.0;0.0;0.0;0.0;0.0;0.0;0.0
Independência;INDEPENDENCIA;-5.3937777777778;-40.312361111111;2006;2;232.7;0.0;0.0;0.0;0.0;0.0;0.0;0.0;0.0;0.0;0.0;0.0;0.0;0.0;0.0;13.0;3.5;55.8;0.0;53.0;0.0;0.0;0.0;41.0;1.2;61.0;0.0;0.0;4.2;NaN;NaN;NaN
Independência;INDEPENDENCIA;-5.3937777777778;-40.312361111111;2006;3;73.8;0.0;0.0;6.8;0.0;0.0;0.0;0.0;0.0;0.0;0.0;0.0;0.0;0.0;0.0;57.0;0.0;0.0;0.0;0.0;0.0;6.0;0.0;0.0;4.0;0.0;0.0;0.0;0.0;0.0;0.0;0.0
Independência;INDEPENDENCIA;-5.3937777777778;-40.312361111111;2006;4;132.7;0.0;17.0;0.0;0.0;0.0;0.0;14.2;0.0;0.0;0.0;6.5;0.0;0.0;0.0;0.0;14.0;0.0;11.0;0.0;3.0;0.0;19.0;5.0;20.0;8.0;0.0;0.0;0.0;0.0;15.0;NaN
Independência;INDEPENDENCIA;-5.3937777777778;-40.312361111111;2006;5;110.0;0.0;0.0;0.0;0.0;0.0;0.0;0.0;58.0;0.0;17.0;0.0;0.0;0.0;0.0;5.0;0.0;0.0;0.0;0.0;0.0;0.0;29.0;0.0;0.0;0.0;0.0;1.0;0.0;0.0;0.0;0.0
Independência;INDEPENDENCIA;-5.3937777777778;-40.312361111111;2006;6;41.5;0.0;0.0;0.0;0.0;0.0;0.0;0.0;0.0;0.0;0.0;0.0;0.0;41.5;0.0;0.0;0.0;0.0;0.0;0.0;0.0;0.0;0.0;0.0;0.0;0.0;0.0;0.0;0.0;0.0;0.0;NaN
Independência;INDEPENDENCIA;-5.3937777777778;-40.312361111111;2006;7;0.0;0.0;0.0;0.0;0.0;0.0;0.0;0.0;0.0;0.0;0.0;0.0;0.0;0.0;0.0;0.0;0.0;0.0;0.0;0.0;0.0;0.0;0.0;0.0;0.0;0.0;0.0;0.0;0.0;0.0;0.0;0.0
Independência;INDEPENDENCIA;-5.3937777777778;-40.312361111111;2006;8;0.0;0.0;0.0;0.0;0.0;0.0;0.0;0.0;0.0;0.0;0.0;0.0;0.0;0.0;0.0;0.0;0.0;0.0;0.0;0.0;0.0;0.0;0.0;0.0;0.0;0.0;0.0;0.0;0.0;0.0;0.0;0.0
Independência;INDEPENDENCIA;-5.3937777777778;-40.312361111111;2006;9;0.0;0.0;0.0;0.0;0.0;0.0;0.0;0.0;0.0;0.0;0.0;0.0;0.0;0.0;0.0;0.0;0.0;0.0;0.0;0.0;0.0;0.0;0.0;0.0;0.0;0.0;0.0;0.0;0.0;0.0;0.0;NaN
Independência;INDEPENDENCIA;-5.3937777777778;-40.312361111111;2006;10;0.0;0.0;0.0;0.0;0.0;0.0;0.0;0.0;0.0;0.0;0.0;0.0;0.0;0.0;0.0;0.0;0.0;0.0;0.0;0.0;0.0;0.0;0.0;0.0;0.0;0.0;0.0;0.0;0.0;0.0;0.0;0.0
Independência;INDEPENDENCIA;-5.3937777777778;-40.312361111111;2006;11;0.0;0.0;0.0;0.0;0.0;0.0;0.0;0.0;0.0;0.0;0.0;0.0;0.0;0.0;0.0;0.0;0.0;0.0;0.0;0.0;0.0;0.0;0.0;0.0;0.0;0.0;0.0;0.0;0.0;0.0;0.0;NaN
Independência;INDEPENDENCIA;-5.3937777777778;-40.312361111111;2006;12;13.0;0.0;0.0;0.0;0.0;0.0;0.0;0.0;0.0;0.0;0.0;0.0;0.0;0.0;0.0;0.0;0.0;0.0;0.0;0.0;0.0;0.0;0.0;0.0;0.0;0.0;0.0;0.0;0.0;0.0;0.0;13.0
Independência;INDEPENDENCIA;-5.3937777777778;-40.312361111111;2007;1;17.0;13.0;0.0;4.0;0.0;0.0;0.0;0.0;0.0;0.0;0.0;0.0;0.0;0.0;0.0;0.0;0.0;0.0;0.0;0.0;0.0;0.0;0.0;0.0;0.0;0.0;0.0;0.0;0.0;0.0;0.0;0.0
Independência;INDEPENDENCIA;-5.3937777777778;-40.312361111111;2007;2;266.0;0.0;0.0;0.0;0.0;0.0;2.0;0.0;3.0;6.5;0.0;0.0;14.5;14.0;4.0;11.0;34.0;25.5;13.0;0.0;78.0;25.0;0.0;30.5;0.0;0.0;0.0;0.0;5.0;NaN;NaN;NaN
Independência;INDEPENDENCIA;-5.3937777777778;-40.312361111111;2007;3;114.1;5.0;28.0;0.0;0.0;12.8;0.0;0.0;0.0;16.0;40.0;0.0;0.0;0.0;0.0;0.0;4.0;0.0;0.0;0.8;0.0;0.0;0.0;0.0;0.0;0.0;0.0;0.0;7.5;0.0;0.0;0.0
Independência;INDEPENDENCIA;-5.3937777777778;-40.312361111111;2007;4;43.0;0.0;8.5;0.0;0.0;0.0;0.0;0.0;0.0;0.0;0.0;0.0;0.0;0.0;0.0;0.0;0.0;5.0;1.2;1.5;0.0;0.0;0.0;0.0;6.8;3.0;4.0;0.0;0.0;0.0;13.0;NaN
Independência;INDEPENDENCIA;-5.3937777777778;-40.312361111111;2007;5;21.1;11.0;0.0;0.0;0.0;0.0;0.0;0.0;1.6;0.0;0.0;0.0;0.0;0.0;0.0;0.0;0.0;0.0;0.0;0.0;0.0;0.0;0.0;8.5;0.0;0.0;0.0;0.0;0.0;0.0;0.0;0.0
Independência;INDEPENDENCIA;-5.3937777777778;-40.312361111111;2007;6;11.0;3.0;0.0;0.0;0.0;0.0;3.5;0.0;0.0;0.0;0.0;0.0;0.0;0.0;0.0;0.0;0.0;0.0;4.5;0.0;0.0;0.0;0.0;0.0;0.0;0.0;0.0;0.0;0.0;0.0;0.0;NaN
Independência;INDEPENDENCIA;-5.3937777777778;-40.312361111111;2007;7;4.4;0.0;0.0;0.0;0.0;0.0;0.0;0.0;0.0;0.0;0.0;0.0;0.0;0.0;0.0;0.0;0.0;0.0;0.0;0.0;0.0;0.0;0.0;4.4;0.0;0.0;0.0;0.0;0.0;0.0;0.0;0.0
Independência;INDEPENDENCIA;-5.3937777777778;-40.312361111111;2007;8;1.1;0.0;0.0;0.0;0.0;0.0;0.0;0.0;0.0;0.0;0.0;0.0;0.0;0.0;0.0;0.0;0.0;0.0;0.0;0.0;0.0;0.0;0.0;0.0;0.0;0.0;0.0;0.0;0.0;0.0;0.0;1.1
Independência;INDEPENDENCIA;-5.3937777777778;-40.312361111111;2007;9;0.0;0.0;0.0;0.0;0.0;0.0;0.0;0.0;0.0;0.0;0.0;0.0;0.0;0.0;0.0;0.0;0.0;0.0;0.0;0.0;0.0;0.0;0.0;0.0;0.0;0.0;0.0;0.0;0.0;0.0;0.0;NaN
Independência;INDEPENDENCIA;-5.3937777777778;-40.312361111111;2007;10;0.0;0.0;0.0;0.0;0.0;0.0;0.0;0.0;0.0;0.0;0.0;0.0;0.0;0.0;0.0;0.0;0.0;0.0;0.0;0.0;0.0;0.0;0.0;0.0;0.0;0.0;0.0;0.0;0.0;0.0;0.0;0.0
Independência;INDEPENDENCIA;-5.3937777777778;-40.312361111111;2007;11;0.0;0.0;0.0;0.0;0.0;0.0;0.0;0.0;0.0;0.0;0.0;0.0;0.0;0.0;0.0;0.0;0.0;0.0;0.0;0.0;0.0;0.0;0.0;0.0;0.0;0.0;0.0;0.0;0.0;0.0;0.0;NaN
Independência;INDEPENDENCIA;-5.3937777777778;-40.312361111111;2007;12;16.9;0.0;0.0;0.0;0.0;0.0;1.9;0.0;0.0;0.0;0.0;0.0;0.0;0.0;0.0;0.0;15.0;0.0;0.0;0.0;0.0;0.0;0.0;0.0;0.0;0.0;0.0;0.0;0.0;0.0;0.0;0.0
Independência;INDEPENDENCIA;-5.3937777777778;-40.312361111111;2008;1;73.4;16.0;0.0;0.0;0.0;0.0;0.0;0.0;0.0;0.0;0.0;0.0;0.0;0.0;0.0;0.0;11.0;0.0;1.4;0.0;0.0;0.0;3.0;0.0;42.0;0.0;0.0;0.0;0.0;0.0;0.0;0.0
Independência;INDEPENDENCIA;-5.3937777777778;-40.312361111111;2008;2;99.6;17.6;37.8;0.0;0.0;0.0;0.0;0.0;0.0;0.0;0.0;0.0;0.0;0.0;0.0;0.0;0.0;0.0;0.0;0.0;0.0;0.0;0.0;0.0;0.0;0.0;0.0;2.0;15.0;27.2;NaN;NaN
Independência;INDEPENDENCIA;-5.3937777777778;-40.312361111111;2008;3;384.6;10.0;11.5;2.0;8.0;7.8;21.0;0.0;0.0;0.0;9.0;2.8;0.0;22.0;15.5;0.0;18.5;0.0;5.0;2.0;0.0;10.0;0.0;0.0;16.0;0.0;19.5;11.0;22.0;75.0;85.0;11.0
Independência;INDEPENDENCIA;-5.3937777777778;-40.312361111111;2008;4;161.5;32.0;23.5;3.5;0.0;15.0;18.5;0.0;5.0;1.0;1.5;9.5;0.0;25.0;19.5;0.0;3.0;0.0;0.0;0.0;0.0;0.0;0.0;0.0;0.0;0.0;0.0;0.0;0.0;0.0;4.5;NaN
Independência;INDEPENDENCIA;-5.3937777777778;-40.312361111111;2008;5;9.5;0.0;0.0;0.0;0.0;3.0;6.5;0.0;0.0;0.0;0.0;0.0;0.0;0.0;0.0;0.0;0.0;0.0;0.0;0.0;0.0;0.0;0.0;0.0;0.0;0.0;0.0;0.0;0.0;0.0;0.0;0.0
Independência;INDEPENDENCIA;-5.3937777777778;-40.312361111111;2008;6;7.0;0.0;0.0;0.0;0.0;0.0;0.0;0.0;0.0;7.0;0.0;0.0;0.0;0.0;0.0;0.0;0.0;0.0;0.0;0.0;0.0;0.0;0.0;0.0;0.0;0.0;0.0;0.0;0.0;0.0;0.0;NaN
Independência;INDEPENDENCIA;-5.3937777777778;-40.312361111111;2008;7;25.2;0.0;23.2;0.0;0.0;0.0;0.0;0.0;0.0;0.0;0.0;0.0;0.0;0.0;0.0;0.0;0.0;0.0;0.0;0.0;0.0;0.0;0.0;0.0;0.0;0.0;0.0;2.0;0.0;0.0;0.0;0.0
Independência;INDEPENDENCIA;-5.3937777777778;-40.312361111111;2008;8;11.0;0.0;0.0;0.0;0.0;0.0;0.0;0.0;11.0;0.0;0.0;0.0;0.0;0.0;0.0;0.0;0.0;0.0;0.0;0.0;0.0;0.0;0.0;0.0;0.0;0.0;0.0;0.0;0.0;0.0;0.0;0.0
Independência;INDEPENDENCIA;-5.3937777777778;-40.312361111111;2008;9;0.0;0.0;0.0;0.0;0.0;0.0;0.0;0.0;0.0;0.0;0.0;0.0;0.0;0.0;0.0;0.0;0.0;0.0;0.0;0.0;0.0;0.0;0.0;0.0;0.0;0.0;0.0;0.0;0.0;0.0;0.0;NaN
Independência;INDEPENDENCIA;-5.3937777777778;-40.312361111111;2008;10;0.0;0.0;0.0;0.0;0.0;0.0;0.0;0.0;0.0;0.0;0.0;0.0;0.0;0.0;0.0;0.0;0.0;0.0;0.0;0.0;0.0;0.0;0.0;0.0;0.0;0.0;0.0;0.0;0.0;0.0;0.0;0.0
Independência;INDEPENDENCIA;-5.3937777777778;-40.312361111111;2008;11;0.0;0.0;0.0;0.0;0.0;0.0;0.0;0.0;0.0;0.0;0.0;0.0;0.0;0.0;0.0;0.0;0.0;0.0;0.0;0.0;0.0;0.0;0.0;0.0;0.0;0.0;0.0;0.0;0.0;0.0;0.0;NaN
Independência;INDEPENDENCIA;-5.3937777777778;-40.312361111111;2008;12;12.6;0.0;0.0;0.0;0.0;0.0;0.0;0.0;12.6;0.0;0.0;0.0;0.0;0.0;0.0;0.0;0.0;0.0;0.0;0.0;0.0;0.0;0.0;0.0;0.0;0.0;0.0;0.0;0.0;0.0;0.0;0.0
Independência;INDEPENDENCIA;-5.3937777777778;-40.312361111111;2009;1;74.0;0.0;0.0;0.0;0.0;0.0;0.0;0.0;0.0;0.0;0.0;0.0;0.0;0.0;0.0;0.0;0.0;0.0;0.0;0.0;0.0;0.0;51.0;0.0;0.0;0.0;23.0;0.0;0.0;0.0;0.0;0.0
Independência;INDEPENDENCIA;-5.3937777777778;-40.312361111111;2009;2;116.0;0.0;0.0;28.0;2.0;0.0;0.0;0.0;0.0;0.0;0.0;0.0;0.0;55.0;0.0;0.0;0.0;0.0;0.0;0.0;0.0;15.0;0.0;16.0;0.0;0.0;0.0;0.0;0.0;NaN;NaN;NaN
Independência;INDEPENDENCIA;-5.3937777777778;-40.312361111111;2009;3;130.7;0.0;6.5;53.0;0.0;0.0;0.0;0.0;0.0;0.0;0.0;0.0;19.8;10.0;12.4;0.0;0.0;3.0;12.5;0.0;7.5;0.0;0.0;0.0;0.0;6.0;0.0;0.0;NaN;NaN;NaN;NaN
Independência;INDEPENDENCIA;-5.3937777777778;-40.312361111111;2009;4;416.6;1.5;9.0;17.0;17.0;17.0;1.5;4.0;3.0;1.0;39.0;0.0;12.0;0.0;2.0;7.5;4.0;6.0;0.0;0.0;13.0;33.8;14.2;45.6;0.0;77.5;26.0;0.0;17.0;17.0;31.0;NaN
Independência;INDEPENDENCIA;-5.3937777777778;-40.312361111111;2009;5;132.8;0.0;14.4;30.5;3.2;2.2;2.5;0.0;0.0;0.0;0.0;41.5;0.0;0.0;5.0;19.5;3.5;0.0;6.5;0.0;0.0;0.0;0.0;0.0;0.0;0.0;0.0;4.0;0.0;0.0;0.0;0.0
Independência;INDEPENDENCIA;-5.3937777777778;-40.312361111111;2009;6;6.5;0.0;0.0;0.0;4.0;1.0;0.0;0.0;0.0;0.0;0.0;0.0;0.0;0.0;0.0;0.0;0.0;0.0;0.0;0.0;0.0;0.0;0.0;1.5;0.0;0.0;0.0;0.0;0.0;0.0;0.0;NaN
Independência;INDEPENDENCIA;-5.3937777777778;-40.312361111111;2009;7;67.8;0.0;0.0;0.0;0.0;0.0;0.0;0.0;5.0;0.0;0.0;0.0;0.0;0.0;44.0;0.0;0.0;1.8;0.0;0.0;0.0;0.0;0.0;17.0;0.0;0.0;0.0;0.0;0.0;0.0;0.0;0.0
Independência;INDEPENDENCIA;-5.3937777777778;-40.312361111111;2009;8;11.0;0.0;0.0;0.0;0.0;0.0;0.0;0.0;0.0;0.0;0.0;0.0;0.0;0.0;0.0;0.0;0.0;0.0;0.0;0.0;0.0;0.0;0.0;0.0;0.0;0.0;2.0;9.0;0.0;0.0;0.0;0.0
Independência;INDEPENDENCIA;-5.3937777777778;-40.312361111111;2009;9;0.0;0.0;0.0;0.0;0.0;0.0;0.0;0.0;0.0;0.0;0.0;0.0;0.0;0.0;0.0;0.0;0.0;0.0;0.0;0.0;0.0;0.0;0.0;0.0;0.0;0.0;0.0;0.0;0.0;0.0;0.0;NaN
Independência;INDEPENDENCIA;-5.3937777777778;-40.312361111111;2009;10;0.0;0.0;0.0;0.0;0.0;0.0;0.0;0.0;0.0;0.0;0.0;0.0;0.0;0.0;0.0;0.0;0.0;0.0;0.0;0.0;0.0;0.0;0.0;0.0;0.0;0.0;0.0;0.0;0.0;0.0;0.0;0.0
Independência;INDEPENDENCIA;-5.3937777777778;-40.312361111111;2009;11;0.0;0.0;0.0;0.0;0.0;0.0;0.0;0.0;0.0;0.0;0.0;0.0;0.0;0.0;0.0;0.0;0.0;0.0;0.0;0.0;0.0;0.0;0.0;0.0;0.0;0.0;0.0;0.0;0.0;0.0;0.0;NaN
Independência;INDEPENDENCIA;-5.3937777777778;-40.312361111111;2009;12;7.0;0.0;0.0;0.0;0.0;0.0;0.0;0.0;0.0;0.0;0.0;0.0;0.0;0.0;0.0;0.0;0.0;0.0;0.0;0.0;0.0;0.0;0.0;0.0;0.0;0.0;0.0;0.0;0.0;0.0;7.0;0.0
Independência;INDEPENDENCIA;-5.3937777777778;-40.312361111111;2010;1;157.5;0.0;25.0;0.0;60.0;0.0;0.0;0.0;0.0;0.0;17.0;0.0;0.0;0.0;0.0;0.0;0.0;0.0;0.0;0.0;54.0;0.0;0.0;0.0;0.0;0.0;0.0;0.0;1.5;0.0;0.0;0.0
Independência;INDEPENDENCIA;-5.3937777777778;-40.312361111111;2010;2;11.0;0.0;0.0;0.0;0.0;0.0;0.0;0.0;0.0;0.0;0.0;0.0;0.0;0.0;0.0;0.0;11.0;0.0;0.0;0.0;0.0;0.0;0.0;0.0;0.0;0.0;0.0;0.0;0.0;NaN;NaN;NaN
Independência;INDEPENDENCIA;-5.3937777777778;-40.312361111111;2010;3;9.5;0.0;0.0;0.0;0.0;0.0;0.0;0.0;0.0;0.0;0.0;0.0;0.0;0.0;0.0;0.0;0.0;0.0;0.0;0.0;0.0;0.0;1.0;0.0;4.0;0.0;2.5;0.0;0.0;2.0;0.0;0.0
Independência;INDEPENDENCIA;-5.3937777777778;-40.312361111111;2010;4;149.5;0.0;0.0;0.0;0.0;18.5;0.0;0.0;22.0;11.0;6.0;0.0;50.0;26.0;0.0;0.0;0.0;0.0;0.0;0.0;0.0;0.0;0.0;0.0;10.0;0.0;0.0;0.0;0.0;0.0;6.0;NaN
Independência;INDEPENDENCIA;-5.3937777777778;-40.312361111111;2010;5;1.0;0.0;0.0;1.0;0.0;0.0;0.0;0.0;0.0;0.0;0.0;0.0;0.0;0.0;0.0;0.0;0.0;0.0;0.0;0.0;0.0;0.0;0.0;0.0;0.0;0.0;0.0;0.0;0.0;0.0;0.0;0.0
Independência;INDEPENDENCIA;-5.3937777777778;-40.312361111111;2010;6;29.0;17.5;2.5;0.0;0.0;0.0;0.0;0.0;0.0;0.0;0.0;0.0;0.0;0.0;0.0;0.0;0.0;0.0;0.0;0.0;0.0;9.0;0.0;0.0;0.0;0.0;0.0;0.0;0.0;0.0;0.0;NaN
Independência;INDEPENDENCIA;-5.3937777777778;-40.312361111111;2010;7;2.0;0.0;0.0;0.0;0.0;0.0;0.0;0.0;0.0;0.0;0.0;0.0;0.0;2.0;0.0;0.0;0.0;0.0;0.0;0.0;0.0;0.0;0.0;0.0;0.0;0.0;0.0;0.0;0.0;0.0;0.0;0.0
Independência;INDEPENDENCIA;-5.3937777777778;-40.312361111111;2010;8;0.0;0.0;0.0;0.0;0.0;0.0;0.0;0.0;0.0;0.0;0.0;0.0;0.0;0.0;0.0;0.0;0.0;0.0;0.0;0.0;0.0;0.0;0.0;0.0;0.0;0.0;0.0;0.0;0.0;0.0;0.0;0.0
Independência;INDEPENDENCIA;-5.3937777777778;-40.312361111111;2010;9;0.0;0.0;0.0;0.0;0.0;0.0;0.0;0.0;0.0;0.0;0.0;0.0;0.0;0.0;0.0;0.0;0.0;0.0;0.0;0.0;0.0;0.0;0.0;0.0;0.0;0.0;0.0;0.0;0.0;0.0;0.0;NaN
Independência;INDEPENDENCIA;-5.3937777777778;-40.312361111111;2010;10;0.0;0.0;0.0;0.0;0.0;0.0;0.0;0.0;0.0;0.0;0.0;0.0;0.0;0.0;0.0;0.0;0.0;0.0;0.0;0.0;0.0;0.0;0.0;0.0;0.0;0.0;0.0;0.0;0.0;0.0;0.0;0.0
Independência;INDEPENDENCIA;-5.3937777777778;-40.312361111111;2010;11;0.0;0.0;0.0;0.0;0.0;0.0;0.0;0.0;0.0;0.0;0.0;0.0;0.0;0.0;0.0;0.0;0.0;0.0;0.0;0.0;0.0;0.0;0.0;0.0;0.0;0.0;0.0;0.0;0.0;0.0;0.0;NaN
Independência;INDEPENDENCIA;-5.3937777777778;-40.312361111111;2010;12;59.5;0.0;0.0;0.0;0.0;0.0;1.0;0.0;0.0;0.0;0.0;7.2;0.0;13.8;0.0;6.5;0.0;0.0;21.0;10.0;0.0;0.0;0.0;0.0;0.0;0.0;0.0;0.0;0.0;0.0;0.0;0.0
Independência;INDEPENDENCIA;-5.3937777777778;-40.312361111111;2011;1;291.4;0.0;0.0;0.0;5.5;0.0;0.0;0.0;0.0;20.0;60.0;15.8;0.0;2.0;0.0;0.0;0.0;0.0;0.0;0.0;0.0;10.4;84.0;8.8;15.0;18.0;43.5;0.0;7.8;0.0;0.0;0.6
Independência;INDEPENDENCIA;-5.3937777777778;-40.312361111111;2011;2;87.3;0.0;0.0;0.5;6.4;3.2;0.0;0.0;0.0;0.0;0.0;0.0;0.0;0.0;0.0;3.2;0.0;0.0;0.0;0.0;0.0;32.0;0.0;0.0;0.0;0.0;0.0;0.0;42.0;NaN;NaN;NaN
Independência;INDEPENDENCIA;-5.3937777777778;-40.312361111111;2011;3;137.4;16.0;18.5;0.0;5.8;0.0;18.0;0.0;0.0;15.5;0.0;0.0;0.0;0.0;14.0;22.2;1.2;0.0;0.0;0.0;0.0;0.0;17.4;0.0;0.2;0.0;0.0;0.0;0.0;8.6;0.0;0.0
Independência;INDEPENDENCIA;-5.3937777777778;-40.312361111111;2011;4;99.9;0.0;0.0;10.2;0.0;0.0;0.0;0.0;0.0;0.0;0.0;5.4;0.0;2.2;0.0;27.6;0.0;0.0;0.0;13.8;13.4;0.0;0.0;0.0;0.0;27.0;0.3;0.0;0.0;0.0;0.0;NaN
Independência;INDEPENDENCIA;-5.3937777777778;-40.312361111111;2011;5;160.4;0.0;0.0;0.0;0.0;0.0;8.2;0.0;0.0;1.6;2.8;53.8;0.0;0.0;0.0;0.0;0.0;50.0;30.0;0.0;14.0;0.0;0.0;0.0;0.0;0.0;0.0;0.0;0.0;0.0;0.0;0.0
Independência;INDEPENDENCIA;-5.3937777777778;-40.312361111111;2011;6;1.4;0.0;0.0;0.0;0.0;0.0;0.0;0.0;0.0;0.0;0.0;0.0;0.0;0.0;0.0;0.0;0.0;0.0;0.0;0.0;0.0;0.0;0.0;0.0;1.4;0.0;0.0;0.0;0.0;0.0;0.0;NaN
Independência;INDEPENDENCIA;-5.3937777777778;-40.312361111111;2011;7;18.8;0.0;0.0;0.0;0.0;0.0;0.0;0.0;0.0;7.8;1.0;0.0;0.0;9.0;0.0;0.0;0.0;1.0;0.0;NaN;NaN;NaN;NaN;NaN;NaN;NaN;NaN;NaN;NaN;NaN;NaN;NaN
Independência;INDEPENDENCIA;-5.3937777777778;-40.312361111111;2011;8;11.4;7.6;0.0;0.0;0.0;0.0;0.0;0.0;0.0;0.0;0.0;0.0;0.0;0.0;0.0;0.0;0.0;0.0;0.0;0.0;0.0;0.0;0.0;0.0;3.8;0.0;0.0;0.0;0.0;0.0;0.0;0.0
Independência;INDEPENDENCIA;-5.3937777777778;-40.312361111111;2011;9;0.0;0.0;0.0;0.0;0.0;0.0;0.0;0.0;0.0;0.0;0.0;0.0;0.0;0.0;0.0;0.0;0.0;0.0;0.0;0.0;0.0;0.0;0.0;0.0;0.0;0.0;0.0;0.0;0.0;0.0;0.0;NaN
Independência;INDEPENDENCIA;-5.3937777777778;-40.312361111111;2011;10;13.2;0.0;0.0;0.0;0.0;0.0;0.0;0.0;0.0;0.0;0.0;0.0;0.0;0.0;0.0;0.0;0.0;0.0;0.0;1.8;0.0;11.4;0.0;0.0;0.0;0.0;0.0;0.0;0.0;0.0;0.0;0.0
Independência;INDEPENDENCIA;-5.3937777777778;-40.312361111111;2011;11;0.0;0.0;0.0;0.0;0.0;0.0;0.0;0.0;0.0;0.0;0.0;0.0;0.0;0.0;0.0;0.0;0.0;0.0;0.0;0.0;0.0;0.0;0.0;0.0;0.0;0.0;0.0;0.0;0.0;0.0;0.0;NaN
Independência;INDEPENDENCIA;-5.3937777777778;-40.312361111111;2011;12;0.0;0.0;0.0;0.0;0.0;0.0;0.0;0.0;0.0;0.0;0.0;0.0;0.0;0.0;0.0;0.0;0.0;0.0;0.0;0.0;0.0;0.0;0.0;0.0;0.0;0.0;0.0;0.0;0.0;0.0;0.0;0.0
Independência;INDEPENDENCIA;-5.3937777777778;-40.312361111111;2012;1;14.2;0.0;0.0;0.0;0.0;0.0;0.0;0.0;0.0;0.0;0.0;0.0;0.0;0.0;0.0;0.0;0.0;0.0;0.0;6.0;0.0;0.0;0.0;0.0;5.0;3.2;0.0;0.0;0.0;0.0;0.0;0.0
Independência;INDEPENDENCIA;-5.3937777777778;-40.312361111111;2012;2;27.9;0.0;0.0;0.0;0.0;0.0;0.0;0.0;0.0;0.0;0.0;0.0;0.0;0.0;0.0;0.0;0.0;0.0;0.0;11.0;14.5;0.0;0.0;0.0;0.0;0.0;0.0;0.6;0.8;1.0;NaN;NaN
Independência;INDEPENDENCIA;-5.3937777777778;-40.312361111111;2012;3;17.5;0.0;0.0;0.0;0.0;0.0;0.0;0.0;0.0;0.0;0.0;14.5;0.0;0.0;0.0;0.0;0.0;0.0;0.0;0.0;0.0;0.0;0.0;0.0;0.0;0.0;2.0;1.0;0.0;0.0;0.0;0.0
Independência;INDEPENDENCIA;-5.3937777777778;-40.312361111111;2012;4;14.8;0.0;4.8;0.0;0.0;0.0;0.0;0.0;0.0;0.0;0.0;0.0;0.0;0.0;0.0;0.0;10.0;0.0;0.0;0.0;0.0;0.0;0.0;0.0;0.0;0.0;0.0;0.0;0.0;0.0;0.0;NaN
Independência;INDEPENDENCIA;-5.3937777777778;-40.312361111111;2012;5;0.0;0.0;0.0;0.0;0.0;0.0;0.0;0.0;0.0;0.0;0.0;0.0;0.0;0.0;0.0;0.0;0.0;0.0;0.0;0.0;0.0;0.0;0.0;0.0;0.0;0.0;0.0;0.0;0.0;0.0;0.0;0.0
Independência;INDEPENDENCIA;-5.3937777777778;-40.312361111111;2012;6;0.0;0.0;0.0;0.0;0.0;0.0;0.0;0.0;0.0;0.0;0.0;0.0;0.0;0.0;0.0;0.0;0.0;0.0;0.0;0.0;0.0;0.0;0.0;0.0;0.0;0.0;0.0;0.0;0.0;0.0;0.0;NaN
Independência;INDEPENDENCIA;-5.3937777777778;-40.312361111111;2012;7;0.0;0.0;0.0;0.0;0.0;0.0;0.0;0.0;0.0;0.0;0.0;0.0;0.0;0.0;0.0;0.0;0.0;0.0;0.0;0.0;0.0;0.0;0.0;0.0;0.0;0.0;0.0;0.0;0.0;0.0;0.0;0.0
Independência;INDEPENDENCIA;-5.3937777777778;-40.312361111111;2012;8;0.0;0.0;0.0;0.0;0.0;0.0;0.0;0.0;0.0;0.0;0.0;0.0;0.0;0.0;0.0;0.0;0.0;0.0;0.0;0.0;0.0;0.0;0.0;0.0;0.0;0.0;0.0;0.0;0.0;0.0;NaN;0.0
Independência;INDEPENDENCIA;-5.3937777777778;-40.312361111111;2012;9;0.0;0.0;0.0;0.0;0.0;0.0;0.0;0.0;0.0;0.0;0.0;0.0;0.0;0.0;0.0;0.0;0.0;0.0;0.0;0.0;0.0;0.0;0.0;0.0;0.0;0.0;0.0;0.0;0.0;0.0;0.0;NaN
Independência;INDEPENDENCIA;-5.3937777777778;-40.312361111111;2012;10;0.0;0.0;0.0;0.0;0.0;0.0;0.0;0.0;0.0;0.0;0.0;0.0;0.0;0.0;0.0;0.0;0.0;0.0;0.0;0.0;0.0;0.0;0.0;0.0;0.0;0.0;0.0;0.0;0.0;0.0;0.0;0.0
Independência;INDEPENDENCIA;-5.3937777777778;-40.312361111111;2012;11;0.0;0.0;0.0;0.0;0.0;0.0;0.0;0.0;0.0;0.0;0.0;0.0;0.0;0.0;0.0;0.0;0.0;0.0;0.0;0.0;0.0;0.0;0.0;0.0;0.0;0.0;0.0;0.0;0.0;0.0;0.0;NaN
Independência;INDEPENDENCIA;-5.3937777777778;-40.312361111111;2012;12;0.0;0.0;0.0;0.0;0.0;0.0;0.0;0.0;0.0;0.0;0.0;0.0;0.0;0.0;0.0;0.0;0.0;0.0;0.0;0.0;0.0;0.0;0.0;0.0;0.0;0.0;0.0;0.0;0.0;0.0;0.0;0.0
Independência;INDEPENDENCIA;-5.3937777777778;-40.312361111111;2013;1;15.8;0.0;0.0;0.0;15.8;0.0;0.0;0.0;0.0;0.0;0.0;0.0;0.0;0.0;0.0;0.0;0.0;0.0;0.0;0.0;0.0;0.0;0.0;0.0;0.0;0.0;0.0;0.0;0.0;0.0;0.0;0.0
Independência;INDEPENDENCIA;-5.3937777777778;-40.312361111111;2013;2;34.2;0.0;0.0;0.0;0.0;0.0;0.0;0.0;0.0;0.0;0.0;0.0;0.0;0.0;1.2;6.0;5.0;0.0;22.0;0.0;0.0;0.0;0.0;0.0;0.0;0.0;0.0;0.0;0.0;NaN;NaN;NaN
Independência;INDEPENDENCIA;-5.3937777777778;-40.312361111111;2013;3;53.9;0.0;0.0;0.0;0.0;0.0;0.0;0.0;0.0;0.0;0.0;0.0;0.0;0.0;0.0;0.0;0.0;0.0;11.5;2.0;25.5;3.4;0.0;0.0;8.0;0.0;0.0;0.0;0.0;0.0;3.5;0.0
Independência;INDEPENDENCIA;-5.3937777777778;-40.312361111111;2013;4;68.3;0.0;0.0;0.0;0.0;3.2;0.0;0.0;10.5;0.0;0.0;0.0;0.0;0.0;0.0;0.0;0.0;7.5;0.0;0.0;2.8;15.8;0.0;0.0;0.0;0.0;0.0;0.0;0.0;0.0;28.5;NaN
Independência;INDEPENDENCIA;-5.3937777777778;-40.312361111111;2013;5;43.7;0.0;12.5;0.0;0.0;0.0;0.0;0.0;0.0;0.0;12.0;0.0;0.0;0.0;0.0;9.2;0.0;0.0;0.0;10.0;0.0;0.0;0.0;0.0;0.0;0.0;0.0;0.0;0.0;0.0;0.0;0.0
Independência;INDEPENDENCIA;-5.3937777777778;-40.312361111111;2013;6;44.0;0.0;0.0;0.0;0.0;0.0;0.0;0.0;0.0;0.0;0.0;0.0;0.0;11.0;11.0;0.0;0.0;0.0;0.0;0.0;0.0;0.0;0.0;22.0;0.0;0.0;0.0;0.0;0.0;0.0;0.0;NaN
Independência;INDEPENDENCIA;-5.3937777777778;-40.312361111111;2013;7;5.5;0.0;0.0;5.5;0.0;0.0;0.0;0.0;0.0;0.0;0.0;0.0;0.0;0.0;0.0;0.0;0.0;0.0;0.0;0.0;0.0;0.0;0.0;0.0;0.0;0.0;0.0;0.0;0.0;0.0;0.0;0.0
Independência;INDEPENDENCIA;-5.3937777777778;-40.312361111111;2013;8;0.0;0.0;0.0;0.0;0.0;0.0;0.0;0.0;0.0;0.0;0.0;0.0;0.0;0.0;0.0;0.0;0.0;0.0;0.0;0.0;0.0;0.0;0.0;0.0;0.0;0.0;0.0;0.0;0.0;0.0;0.0;0.0
Independência;INDEPENDENCIA;-5.3937777777778;-40.312361111111;2013;9;0.0;0.0;0.0;0.0;0.0;0.0;0.0;0.0;0.0;0.0;0.0;0.0;0.0;0.0;0.0;0.0;0.0;0.0;0.0;0.0;0.0;0.0;0.0;0.0;0.0;0.0;0.0;0.0;0.0;0.0;0.0;NaN
Independência;INDEPENDENCIA;-5.3937777777778;-40.312361111111;2013;10;0.0;0.0;0.0;0.0;0.0;0.0;0.0;0.0;0.0;0.0;0.0;0.0;0.0;0.0;0.0;0.0;0.0;0.0;0.0;0.0;0.0;0.0;0.0;0.0;0.0;0.0;0.0;0.0;0.0;0.0;0.0;0.0
Independência;INDEPENDENCIA;-5.3937777777778;-40.312361111111;2013;11;0.0;0.0;0.0;0.0;0.0;0.0;0.0;0.0;0.0;0.0;0.0;0.0;0.0;0.0;0.0;0.0;0.0;0.0;0.0;0.0;0.0;0.0;0.0;0.0;0.0;0.0;0.0;0.0;0.0;0.0;0.0;NaN
Independência;INDEPENDENCIA;-5.3937777777778;-40.312361111111;2013;12;40.0;0.0;0.0;0.0;0.0;0.0;0.0;0.0;0.0;0.0;0.0;0.0;0.0;0.0;0.0;0.0;0.0;0.0;0.0;0.0;37.0;0.0;0.0;3.0;0.0;0.0;0.0;0.0;0.0;0.0;0.0;0.0
Independência;INDEPENDENCIA;-5.3937777777778;-40.312361111111;2014;1;75.8;0.0;0.0;0.0;0.0;0.0;0.0;0.0;13.8;0.0;5.0;0.0;0.0;0.0;0.0;0.0;8.5;0.0;0.0;0.0;0.0;6.0;0.0;0.0;0.0;0.0;0.0;0.0;5.5;0.0;10.0;27.0
Independência;INDEPENDENCIA;-5.3937777777778;-40.312361111111;2014;2;19.5;0.0;0.0;0.0;0.0;2.0;0.0;0.0;0.0;0.0;0.0;0.0;0.0;0.0;0.0;0.0;0.0;11.5;6.0;0.0;0.0;0.0;0.0;0.0;0.0;0.0;0.0;0.0;0.0;NaN;NaN;NaN
Independência;INDEPENDENCIA;-5.3937777777778;-40.312361111111;2014;3;123.5;0.0;0.0;0.0;0.0;0.0;0.0;0.0;0.0;0.0;0.0;0.0;12.5;0.0;0.0;0.0;11.0;0.0;0.0;0.0;0.0;0.0;0.0;0.0;0.0;0.0;0.0;0.0;0.0;0.0;0.0;100.0
Independência;INDEPENDENCIA;-5.3937777777778;-40.312361111111;2014;4;75.3;0.0;0.0;28.5;0.0;4.0;0.0;0.0;0.0;0.0;0.0;0.0;11.0;0.0;0.0;0.0;0.0;14.0;0.0;0.0;6.0;0.0;0.0;0.0;0.0;0.0;0.0;4.0;7.8;0.0;0.0;NaN
Independência;INDEPENDENCIA;-5.3937777777778;-40.312361111111;2014;5;58.5;0.0;0.0;0.0;7.5;0.0;0.0;0.0;0.0;0.0;0.0;5.0;12.5;0.0;0.0;0.0;0.0;0.0;0.0;0.0;0.0;0.0;1.0;9.0;0.0;0.0;0.0;0.0;0.0;0.0;23.5;0.0
Independência;INDEPENDENCIA;-5.3937777777778;-40.312361111111;2014;6;0.0;0.0;0.0;0.0;0.0;0.0;0.0;0.0;0.0;0.0;0.0;0.0;0.0;0.0;0.0;0.0;0.0;0.0;0.0;0.0;0.0;0.0;0.0;0.0;0.0;0.0;0.0;0.0;0.0;0.0;0.0;NaN
Independência;INDEPENDENCIA;-5.3937777777778;-40.312361111111;2014;7;0.0;0.0;0.0;0.0;0.0;0.0;0.0;0.0;0.0;0.0;0.0;0.0;0.0;0.0;0.0;0.0;0.0;0.0;0.0;0.0;0.0;0.0;0.0;0.0;0.0;0.0;0.0;0.0;0.0;0.0;0.0;0.0
Independência;INDEPENDENCIA;-5.3937777777778;-40.312361111111;2014;8;0.0;0.0;0.0;0.0;0.0;0.0;0.0;0.0;0.0;0.0;0.0;0.0;0.0;0.0;0.0;0.0;0.0;0.0;0.0;0.0;0.0;0.0;0.0;0.0;0.0;0.0;0.0;0.0;0.0;0.0;0.0;0.0
Independência;INDEPENDENCIA;-5.3937777777778;-40.312361111111;2014;9;0.0;0.0;0.0;0.0;0.0;0.0;0.0;0.0;0.0;0.0;0.0;0.0;0.0;0.0;0.0;0.0;0.0;0.0;0.0;0.0;0.0;0.0;0.0;0.0;0.0;0.0;0.0;0.0;0.0;0.0;0.0;NaN
Independência;INDEPENDENCIA;-5.3937777777778;-40.312361111111;2014;10;0.0;0.0;0.0;0.0;0.0;0.0;0.0;0.0;0.0;0.0;0.0;0.0;0.0;0.0;0.0;0.0;0.0;0.0;0.0;0.0;0.0;0.0;0.0;0.0;0.0;0.0;0.0;0.0;0.0;0.0;0.0;0.0
Independência;INDEPENDENCIA;-5.3937777777778;-40.312361111111;2014;11;66.9;0.0;0.0;0.0;0.0;0.0;0.0;0.0;0.0;0.0;0.0;0.0;0.0;0.0;0.0;0.0;0.0;0.0;37.5;29.4;0.0;0.0;0.0;0.0;0.0;0.0;0.0;0.0;0.0;0.0;0.0;NaN
Independência;INDEPENDENCIA;-5.3937777777778;-40.312361111111;2014;12;0.0;0.0;0.0;0.0;0.0;0.0;0.0;0.0;0.0;0.0;0.0;0.0;0.0;0.0;0.0;0.0;0.0;0.0;0.0;0.0;0.0;0.0;0.0;0.0;0.0;0.0;0.0;0.0;0.0;0.0;0.0;0.0
Independência;INDEPENDENCIA;-5.3937777777778;-40.312361111111;2015;1;20.5;0.0;0.0;0.0;20.5;0.0;0.0;0.0;0.0;0.0;0.0;0.0;0.0;0.0;0.0;0.0;0.0;0.0;0.0;0.0;0.0;0.0;0.0;0.0;0.0;0.0;0.0;0.0;0.0;0.0;0.0;0.0
Independência;INDEPENDENCIA;-5.3937777777778;-40.312361111111;2015;2;92.0;0.0;0.0;0.0;0.0;2.0;0.0;0.0;0.0;0.0;0.0;0.0;0.0;0.0;0.0;0.0;0.0;0.0;0.0;0.0;3.5;0.0;0.0;72.5;0.0;0.0;14.0;0.0;0.0;NaN;NaN;NaN
Independência;INDEPENDENCIA;-5.3937777777778;-40.312361111111;2015;3;177.8;0.0;8.0;0.0;0.0;0.0;0.0;0.0;0.0;36.0;0.0;14.0;0.0;0.0;0.0;0.0;0.0;0.0;0.0;0.0;0.0;0.0;25.0;27.8;8.0;0.0;5.8;15.2;0.0;0.0;5.0;33.0
Independência;INDEPENDENCIA;-5.3937777777778;-40.312361111111;2015;4;69.3;0.0;0.0;0.0;0.0;4.0;0.0;0.0;13.2;16.0;0.0;6.2;0.0;9.3;0.0;0.0;0.0;6.0;0.0;0.0;0.0;0.0;0.0;4.8;7.0;2.8;0.0;0.0;0.0;0.0;0.0;NaN
Independência;INDEPENDENCIA;-5.3937777777778;-40.312361111111;2015;5;0.0;0.0;0.0;0.0;0.0;0.0;0.0;0.0;0.0;0.0;0.0;0.0;0.0;0.0;0.0;0.0;0.0;0.0;0.0;0.0;0.0;0.0;0.0;0.0;0.0;0.0;0.0;0.0;0.0;0.0;0.0;0.0
Independência;INDEPENDENCIA;-5.3937777777778;-40.312361111111;2015;6;67.2;0.0;0.0;0.0;0.0;22.0;0.0;0.0;15.0;0.0;0.0;0.0;0.0;0.0;0.0;0.0;0.0;0.0;0.0;0.0;0.0;0.0;0.0;0.0;0.0;0.0;30.2;0.0;0.0;0.0;0.0;NaN
Independência;INDEPENDENCIA;-5.3937777777778;-40.312361111111;2015;7;31.3;0.0;0.0;31.3;0.0;0.0;0.0;0.0;0.0;0.0;0.0;0.0;0.0;0.0;0.0;0.0;0.0;0.0;0.0;0.0;0.0;0.0;0.0;0.0;0.0;0.0;0.0;0.0;0.0;0.0;0.0;0.0
Independência;INDEPENDENCIA;-5.3937777777778;-40.312361111111;2015;8;0.0;0.0;0.0;0.0;0.0;0.0;0.0;0.0;0.0;0.0;0.0;0.0;0.0;0.0;0.0;0.0;0.0;0.0;0.0;0.0;0.0;0.0;0.0;0.0;0.0;0.0;0.0;0.0;0.0;0.0;0.0;0.0
Independência;INDEPENDENCIA;-5.3937777777778;-40.312361111111;2015;9;0.0;0.0;0.0;0.0;0.0;0.0;0.0;0.0;0.0;0.0;0.0;0.0;0.0;0.0;0.0;0.0;0.0;0.0;0.0;0.0;0.0;0.0;0.0;0.0;0.0;0.0;0.0;0.0;0.0;0.0;0.0;NaN
Independência;INDEPENDENCIA;-5.3937777777778;-40.312361111111;2015;10;0.0;0.0;0.0;0.0;0.0;0.0;0.0;0.0;0.0;0.0;0.0;0.0;0.0;0.0;0.0;0.0;0.0;0.0;0.0;0.0;0.0;0.0;0.0;0.0;0.0;0.0;0.0;0.0;0.0;0.0;0.0;0.0
Independência;INDEPENDENCIA;-5.3937777777778;-40.312361111111;2015;11;0.0;0.0;0.0;0.0;0.0;0.0;0.0;0.0;0.0;0.0;0.0;0.0;0.0;0.0;0.0;0.0;0.0;0.0;0.0;0.0;0.0;0.0;0.0;0.0;0.0;0.0;0.0;0.0;0.0;0.0;0.0;NaN
Independência;INDEPENDENCIA;-5.3937777777778;-40.312361111111;2015;12;3.0;0.0;0.0;0.0;0.0;0.0;0.0;0.0;0.0;0.0;0.0;0.0;0.0;0.0;0.0;0.0;0.0;0.0;0.0;0.0;0.0;0.0;0.0;0.0;3.0;0.0;0.0;0.0;0.0;0.0;0.0;0.0
Independência;INDEPENDENCIA;-5.3937777777778;-40.312361111111;2016;1;136.9;0.0;0.0;0.0;0.0;0.0;0.0;17.3;0.0;0.0;0.0;0.0;0.0;0.0;9.8;1.9;0.0;0.0;0.0;10.3;0.0;25.3;28.0;0.0;6.0;38.3;0.0;0.0;0.0;0.0;0.0;0.0
Independência;INDEPENDENCIA;-5.3937777777778;-40.312361111111;2016;2;21.9;4.0;0.0;0.0;0.0;0.0;0.0;0.0;0.0;0.0;0.0;0.0;0.0;0.0;0.0;0.0;0.0;0.0;0.0;0.0;17.9;0.0;0.0;0.0;0.0;0.0;0.0;0.0;0.0;0.0;NaN;NaN
Independência;INDEPENDENCIA;-5.3937777777778;-40.312361111111;2016;3;93.7;0.0;0.0;0.0;3.5;0.0;0.0;0.0;0.0;0.0;9.9;0.0;0.0;0.0;0.0;0.0;0.0;0.0;53.4;0.0;0.0;0.0;0.0;0.0;0.0;0.0;4.0;0.0;15.9;0.0;7.0;0.0
Independência;INDEPENDENCIA;-5.3937777777778;-40.312361111111;2016;4;50.8;0.0;3.0;21.5;2.9;0.0;0.0;6.0;2.0;0.0;0.0;0.0;7.0;0.0;0.0;0.0;0.0;0.0;0.0;8.4;0.0;0.0;0.0;0.0;0.0;0.0;0.0;0.0;0.0;0.0;0.0;NaN
Independência;INDEPENDENCIA;-5.3937777777778;-40.312361111111;2016;5;26.7;0.0;0.0;18.9;0.0;0.0;0.0;0.0;0.0;0.0;0.0;0.0;6.8;1.0;0.0;0.0;0.0;0.0;0.0;0.0;0.0;0.0;0.0;0.0;0.0;0.0;0.0;0.0;0.0;0.0;0.0;0.0
Independência;INDEPENDENCIA;-5.3937777777778;-40.312361111111;2016;6;10.0;0.0;0.0;0.0;0.0;0.0;0.0;0.0;0.0;0.0;0.0;0.0;0.0;0.0;0.0;0.0;0.0;0.0;0.0;0.0;0.0;0.0;0.0;10.0;0.0;0.0;0.0;0.0;0.0;0.0;0.0;NaN
Independência;INDEPENDENCIA;-5.3937777777778;-40.312361111111;2016;7;0.0;0.0;0.0;0.0;0.0;0.0;0.0;0.0;0.0;0.0;0.0;0.0;0.0;0.0;0.0;0.0;0.0;0.0;0.0;0.0;0.0;0.0;0.0;0.0;0.0;0.0;0.0;0.0;0.0;0.0;0.0;0.0
Independência;INDEPENDENCIA;-5.3937777777778;-40.312361111111;2016;8;0.0;0.0;0.0;0.0;0.0;0.0;0.0;0.0;0.0;0.0;0.0;0.0;0.0;0.0;0.0;0.0;0.0;0.0;0.0;0.0;0.0;0.0;0.0;0.0;0.0;0.0;0.0;0.0;0.0;0.0;0.0;0.0
Independência;INDEPENDENCIA;-5.3937777777778;-40.312361111111;2016;9;0.0;0.0;0.0;0.0;0.0;0.0;0.0;0.0;0.0;0.0;0.0;0.0;0.0;0.0;0.0;0.0;0.0;0.0;0.0;0.0;0.0;0.0;0.0;0.0;0.0;0.0;0.0;0.0;0.0;0.0;0.0;NaN
Independência;INDEPENDENCIA;-5.3937777777778;-40.312361111111;2016;10;0.0;0.0;0.0;0.0;0.0;0.0;0.0;0.0;0.0;0.0;0.0;0.0;0.0;0.0;0.0;0.0;0.0;0.0;0.0;0.0;0.0;0.0;0.0;0.0;0.0;0.0;0.0;0.0;0.0;0.0;0.0;0.0
Independência;INDEPENDENCIA;-5.3937777777778;-40.312361111111;2016;11;0.0;0.0;0.0;0.0;0.0;0.0;0.0;0.0;0.0;0.0;0.0;0.0;0.0;0.0;0.0;0.0;0.0;0.0;0.0;0.0;0.0;0.0;0.0;0.0;0.0;0.0;0.0;0.0;0.0;0.0;0.0;NaN
Independência;INDEPENDENCIA;-5.3937777777778;-40.312361111111;2016;12;38.0;0.0;0.0;0.0;0.0;0.0;0.0;0.0;0.0;0.0;0.0;0.0;0.0;0.0;0.0;0.0;0.0;0.0;18.6;6.0;0.0;0.0;0.0;12.0;0.0;1.4;0.0;0.0;0.0;0.0;0.0;0.0
Independência;INDEPENDENCIA;-5.3937777777778;-40.312361111111;2017;1;16.8;0.0;0.0;0.0;0.0;0.0;0.0;0.0;0.0;0.0;0.0;0.0;0.0;0.0;0.0;0.0;0.0;0.0;0.0;0.0;16.8;0.0;0.0;0.0;0.0;0.0;0.0;0.0;0.0;0.0;0.0;0.0
Independência;INDEPENDENCIA;-5.3937777777778;-40.312361111111;2017;2;215.2;0.0;0.0;0.0;0.0;0.0;0.0;0.0;0.0;0.0;0.0;66.0;0.0;0.0;0.0;0.0;0.0;0.0;114.2;0.0;2.5;0.0;0.0;0.0;0.0;0.0;0.0;0.0;32.5;NaN;NaN;NaN
Independência;INDEPENDENCIA;-5.3937777777778;-40.312361111111;2017;3;90.1;0.0;12.8;18.8;0.0;0.0;19.6;0.0;0.0;0.0;0.0;0.0;0.0;13.0;0.0;0.0;0.0;9.2;3.5;0.0;0.0;0.0;0.0;4.0;9.2;0.0;0.0;0.0;0.0;0.0;0.0;0.0
Independência;INDEPENDENCIA;-5.3937777777778;-40.312361111111;2017;4;43.0;2.5;0.0;3.5;0.0;0.0;0.0;0.0;0.0;0.0;3.6;0.0;20.2;0.0;5.6;0.0;0.0;0.0;0.0;0.0;1.0;0.0;0.0;6.6;0.0;0.0;0.0;0.0;0.0;0.0;0.0;NaN
Independência;INDEPENDENCIA;-5.3937777777778;-40.312361111111;2017;5;13.9;2.6;0.0;0.0;0.0;0.0;0.0;1.2;0.0;0.0;0.0;10.1;0.0;0.0;0.0;0.0;0.0;0.0;0.0;0.0;0.0;0.0;0.0;0.0;0.0;0.0;0.0;0.0;0.0;0.0;0.0;0.0
Independência;INDEPENDENCIA;-5.3937777777778;-40.312361111111;2017;6;6.0;2.0;0.0;0.0;0.0;1.0;0.0;0.0;0.0;0.0;0.0;0.0;0.0;0.0;0.0;0.0;0.0;0.0;0.0;3.0;0.0;0.0;0.0;0.0;0.0;0.0;0.0;0.0;0.0;0.0;0.0;NaN
Independência;INDEPENDENCIA;-5.3937777777778;-40.312361111111;2017;7;1.0;0.0;0.0;1.0;0.0;0.0;0.0;0.0;0.0;0.0;0.0;0.0;0.0;0.0;0.0;0.0;0.0;0.0;0.0;0.0;0.0;0.0;0.0;0.0;0.0;0.0;0.0;0.0;0.0;0.0;0.0;0.0
Independência;INDEPENDENCIA;-5.3937777777778;-40.312361111111;2017;8;0.0;0.0;0.0;0.0;0.0;0.0;0.0;0.0;0.0;0.0;0.0;0.0;0.0;0.0;0.0;0.0;0.0;0.0;0.0;0.0;0.0;0.0;0.0;0.0;0.0;0.0;0.0;0.0;0.0;0.0;0.0;0.0
Independência;INDEPENDENCIA;-5.3937777777778;-40.312361111111;2017;9;0.0;0.0;0.0;0.0;0.0;0.0;0.0;0.0;0.0;0.0;0.0;0.0;0.0;0.0;0.0;0.0;0.0;0.0;0.0;0.0;0.0;0.0;0.0;0.0;0.0;0.0;0.0;0.0;0.0;0.0;0.0;NaN
Independência;INDEPENDENCIA;-5.3937777777778;-40.312361111111;2017;10;0.0;0.0;0.0;0.0;0.0;0.0;0.0;0.0;0.0;0.0;0.0;0.0;0.0;0.0;0.0;0.0;0.0;0.0;0.0;0.0;0.0;0.0;0.0;0.0;0.0;0.0;0.0;0.0;0.0;0.0;0.0;0.0
Independência;INDEPENDENCIA;-5.3937777777778;-40.312361111111;2017;11;0.0;0.0;0.0;0.0;0.0;0.0;0.0;0.0;0.0;0.0;0.0;0.0;0.0;0.0;0.0;0.0;0.0;0.0;0.0;0.0;0.0;0.0;0.0;0.0;0.0;0.0;0.0;0.0;0.0;0.0;0.0;NaN
Independência;INDEPENDENCIA;-5.3937777777778;-40.312361111111;2017;12;18.0;0.0;0.0;0.0;0.0;0.0;0.0;0.0;0.0;0.0;0.0;0.0;0.0;0.0;0.0;0.0;0.0;0.0;0.0;0.0;0.0;0.0;0.0;0.0;18.0;0.0;0.0;0.0;0.0;0.0;0.0;0.0
Independência;INDEPENDENCIA;-5.3937777777778;-40.312361111111;2018;1;0.0;0.0;0.0;0.0;0.0;0.0;0.0;0.0;0.0;0.0;0.0;0.0;0.0;0.0;0.0;0.0;0.0;0.0;0.0;0.0;0.0;0.0;0.0;0.0;0.0;0.0;0.0;0.0;0.0;0.0;0.0;0.0
Independência;INDEPENDENCIA;-5.3937777777778;-40.312361111111;2018;2;171.3;0.0;0.0;0.0;0.0;3.0;0.0;0.0;4.0;1.2;0.0;0.0;7.0;0.0;0.6;15.4;11.4;7.3;24.2;5.2;0.0;11.0;0.0;12.0;0.0;9.0;0.0;60.0;0.0;NaN;NaN;NaN
Independência;INDEPENDENCIA;-5.3937777777778;-40.312361111111;2018;3;128.9;6.2;18.0;7.3;0.0;0.0;0.0;0.0;0.0;0.0;0.0;8.8;0.0;0.0;0.0;0.0;0.0;0.0;0.0;0.0;0.0;0.0;0.0;6.2;0.0;0.0;17.2;26.6;0.6;0.0;29.0;9.0
Independência;INDEPENDENCIA;-5.3937777777778;-40.312361111111;2018;4;204.8;2.8;0.0;5.2;0.0;0.0;0.0;2.5;0.0;42.3;0.0;23.0;21.0;35.0;0.0;0.0;0.0;65.0;1.0;0.0;0.0;0.0;0.0;0.0;0.0;0.0;0.0;0.0;0.0;0.0;7.0;NaN
Independência;INDEPENDENCIA;-5.3937777777778;-40.312361111111;2018;5;5.0;0.0;2.0;0.0;0.0;0.0;0.0;0.0;0.0;0.0;0.0;0.0;0.0;0.0;3.0;0.0;0.0;0.0;0.0;0.0;0.0;0.0;0.0;0.0;0.0;0.0;0.0;0.0;0.0;0.0;0.0;0.0
Independência;INDEPENDENCIA;-5.3937777777778;-40.312361111111;2018;6;0.0;0.0;0.0;0.0;0.0;0.0;0.0;0.0;0.0;0.0;0.0;0.0;0.0;0.0;0.0;0.0;0.0;0.0;0.0;0.0;0.0;0.0;0.0;0.0;0.0;0.0;0.0;0.0;0.0;0.0;0.0;NaN
Independência;INDEPENDENCIA;-5.3937777777778;-40.312361111111;2018;7;17.0;0.0;0.0;0.0;0.0;0.0;0.0;17.0;0.0;0.0;0.0;0.0;0.0;0.0;0.0;0.0;0.0;0.0;0.0;0.0;0.0;0.0;0.0;0.0;0.0;0.0;0.0;0.0;0.0;0.0;0.0;0.0
Independência;INDEPENDENCIA;-5.3937777777778;-40.312361111111;2018;8;0.0;0.0;0.0;0.0;0.0;0.0;0.0;0.0;0.0;0.0;0.0;0.0;0.0;0.0;0.0;0.0;0.0;0.0;0.0;0.0;0.0;0.0;0.0;0.0;0.0;0.0;0.0;0.0;0.0;0.0;0.0;0.0
Independência;INDEPENDENCIA;-5.3937777777778;-40.312361111111;2018;9;0.0;0.0;0.0;0.0;0.0;0.0;0.0;0.0;0.0;0.0;0.0;0.0;0.0;0.0;0.0;0.0;0.0;0.0;0.0;0.0;0.0;0.0;0.0;0.0;0.0;0.0;0.0;0.0;0.0;0.0;0.0;NaN
Independência;INDEPENDENCIA;-5.3937777777778;-40.312361111111;2018;10;0.0;0.0;0.0;0.0;0.0;0.0;0.0;0.0;0.0;0.0;0.0;0.0;0.0;0.0;0.0;0.0;0.0;0.0;0.0;0.0;0.0;0.0;0.0;0.0;0.0;0.0;0.0;0.0;0.0;0.0;0.0;0.0
Independência;INDEPENDENCIA;-5.3937777777778;-40.312361111111;2018;11;0.0;0.0;0.0;0.0;0.0;0.0;0.0;0.0;0.0;0.0;0.0;0.0;0.0;0.0;0.0;0.0;0.0;0.0;0.0;0.0;0.0;0.0;0.0;0.0;0.0;0.0;0.0;0.0;0.0;0.0;0.0;NaN
Independência;INDEPENDENCIA;-5.3937777777778;-40.312361111111;2018;12;136.8;0.0;0.0;0.0;0.0;63.0;33.8;0.0;0.0;0.0;7.0;0.2;0.0;0.0;0.0;0.0;0.0;0.0;11.2;0.0;0.0;0.0;0.0;0.0;21.6;0.0;0.0;0.0;0.0;0.0;0.0;0.0
Independência;INDEPENDENCIA;-5.3937777777778;-40.312361111111;2019;1;61.3;0.0;0.0;0.0;0.0;0.0;0.0;0.0;0.0;0.0;11.2;0.0;0.0;0.0;0.0;2.5;0.0;20.6;0.0;0.0;0.0;0.0;0.0;0.0;0.0;0.0;27.0;0.0;0.0;0.0;0.0;0.0
Independência;INDEPENDENCIA;-5.3937777777778;-40.312361111111;2019;2;111.4;3.0;0.0;0.0;0.0;10.0;8.8;18.0;2.4;0.0;0.0;0.0;0.0;0.0;47.6;0.0;8.4;0.0;0.0;0.4;0.0;0.0;0.0;5.0;7.0;0.0;0.0;0.0;0.8;NaN;NaN;NaN
Independência;INDEPENDENCIA;-5.3937777777778;-40.312361111111;2019;3;74.0;0.0;0.0;3.0;0.0;0.0;0.0;2.6;0.0;0.0;0.0;0.0;0.0;6.0;0.0;0.0;0.0;0.0;0.0;4.6;0.0;20.8;1.2;0.0;20.0;10.0;0.0;0.0;0.0;1.0;0.0;4.8
Independência;INDEPENDENCIA;-5.3937777777778;-40.312361111111;2019;4;176.4;0.0;14.0;0.0;0.0;10.0;62.0;12.0;0.0;0.0;0.0;0.0;16.2;0.0;0.0;10.2;0.0;2.6;0.0;0.0;0.0;0.0;1.6;0.0;0.0;3.4;26.4;0.0;0.0;15.4;2.6;NaN
Independência;INDEPENDENCIA;-5.3937777777778;-40.312361111111;2019;5;54.8;0.0;0.0;0.0;0.0;0.0;0.0;0.0;0.0;0.0;0.0;0.0;0.0;0.0;0.0;42.0;0.0;0.0;0.0;0.0;0.0;0.0;12.8;0.0;0.0;0.0;0.0;0.0;0.0;0.0;0.0;0.0
Independência;INDEPENDENCIA;-5.3937777777778;-40.312361111111;2019;6;7.6;0.0;0.0;0.0;0.0;0.0;0.0;0.0;0.0;0.0;0.0;0.0;0.0;0.0;4.8;0.0;0.0;0.0;1.0;1.8;0.0;0.0;0.0;0.0;0.0;0.0;0.0;0.0;0.0;0.0;0.0;NaN